6.724718E+00
6.878181E+00
7.183903E+00
7.566251E+00
7.988469E+00
8.431567E+00
8.882686E+00
9.331477E+00
9.768494E+00
1.018416E+01
1.056784E+01
1.090655E+01
1.118294E+01
1.137077E+01
1.142309E+01
1.122469E+01
1.013024E+01
9.022255E+00
8.022984E+00
7.146231E+00
6.381213E+00
5.711610E+00
5.121172E+00
4.595310E+00
4.121307E+00
3.688005E+00
3.285257E+00
2.903103E+00
2.530419E+00
2.151994E+00
1.739982E+00
1.214998E+00
1.012451E+01
1.042416E+01
1.085221E+01
1.138276E+01
1.197522E+01
1.260162E+01
1.324182E+01
1.387943E+01
1.449954E+01
1.508704E+01
1.562514E+01
1.609337E+01
1.646421E+01
1.669612E+01
1.671561E+01
1.635432E+01
1.489469E+01
1.335569E+01
1.193323E+01
1.066546E+01
9.547031E+00
8.560001E+00
7.684006E+00
6.899638E+00
6.189332E+00
5.537222E+00
4.928461E+00
4.348037E+00
3.778608E+00
3.195700E+00
2.553950E+00
1.730807E+00
1.270359E+01
1.309496E+01
1.361852E+01
1.424712E+01
1.494669E+01
1.568772E+01
1.644626E+01
1.720183E+01
1.793535E+01
1.862740E+01
1.925631E+01
1.979572E+01
2.021034E+01
2.044771E+01
2.041814E+01
1.993193E+01
1.826229E+01
1.646607E+01
1.477568E+01
1.324880E+01
1.188809E+01
1.067776E+01
9.596742E+00
8.623643E+00
7.738344E+00
6.922126E+00
6.157011E+00
5.424353E+00
4.702137E+00
3.958997E+00
3.137841E+00
2.093111E+00
1.487097E+01
1.531777E+01
1.591452E+01
1.661802E+01
1.739546E+01
1.821758E+01
1.905871E+01
1.989569E+01
2.070636E+01
2.146781E+01
2.215441E+01
2.273505E+01
2.316853E+01
2.339482E+01
2.331509E+01
2.273130E+01
2.091694E+01
1.894400E+01
1.706340E+01
1.534601E+01
1.380182E+01
1.241823E+01
1.117495E+01
1.005001E+01
9.021933E+00
8.070186E+00
7.174564E+00
6.313689E+00
5.461981E+00
4.583028E+00
3.611888E+00
2.387691E+00
1.677332E+01
1.725480E+01
1.790585E+01
1.866795E+01
1.950545E+01
2.038855E+01
2.129050E+01
2.218634E+01
2.305157E+01
2.386052E+01
2.458437E+01
2.518827E+01
2.562664E+01
2.583442E+01
2.570771E+01
2.504517E+01
2.312186E+01
2.101744E+01
1.899296E+01
1.712790E+01
1.543800E+01
1.391384E+01
1.253647E+01
1.128407E+01
1.013454E+01
9.066197E+00
8.057246E+00
7.084256E+00
6.118951E+00
5.121204E+00
4.020343E+00
2.642977E+00
1.848254E+01
1.898622E+01
1.967704E+01
2.048478E+01
2.136948E+01
2.229981E+01
2.324790E+01
2.418738E+01
2.509191E+01
2.593365E+01
2.668125E+01
2.729698E+01
2.773209E+01
2.791823E+01
2.774865E+01
2.702071E+01
2.501095E+01
2.280349E+01
2.066537E+01
1.868172E+01
1.687259E+01
1.523130E+01
1.374036E+01
1.237844E+01
1.112326E+01
9.952434E+00
8.843053E+00
7.770157E+00
6.703425E+00
5.599880E+00
4.384212E+00
2.871714E+00
2.004032E+01
2.055825E+01
2.127801E+01
2.212094E+01
2.304276E+01
2.401008E+01
2.499369E+01
2.596593E+01
2.689897E+01
2.776322E+01
2.852535E+01
2.914547E+01
2.957251E+01
2.973600E+01
2.952755E+01
2.874406E+01
2.666323E+01
2.437201E+01
2.214121E+01
2.005979E+01
1.815092E+01
1.641018E+01
1.482144E+01
1.336401E+01
1.201564E+01
1.075358E+01
9.554141E+00
8.391226E+00
7.232935E+00
6.033981E+00
4.715006E+00
3.080704E+00
2.147361E+01
2.200048E+01
2.274110E+01
2.361087E+01
2.456169E+01
2.555796E+01
2.656901E+01
2.756592E+01
2.851958E+01
2.939898E+01
3.016923E+01
3.078879E+01
3.120499E+01
3.134589E+01
3.110220E+01
3.027066E+01
2.812988E+01
2.576871E+01
2.346045E+01
2.129670E+01
1.930295E+01
1.747654E+01
1.580254E+01
1.426090E+01
1.282957E+01
1.148559E+01
1.020477E+01
8.960142E+00
7.718553E+00
6.432754E+00
5.019693E+00
3.274020E+00
2.280115E+01
2.333330E+01
2.408873E+01
2.497870E+01
2.595193E+01
2.697068E+01
2.800281E+01
2.901820E+01
2.998657E+01
3.087575E+01
3.164960E+01
3.226534E+01
3.266912E+01
3.278808E+01
3.251233E+01
3.163863E+01
2.944628E+01
2.702546E+01
2.465120E+01
2.241695E+01
2.034991E+01
1.844883E+01
1.669976E+01
1.508325E+01
1.357753E+01
1.215955E+01
1.080477E+01
9.485567E+00
8.167746E+00
6.802325E+00
5.302813E+00
3.454303E+00
2.403678E+01
2.457161E+01
2.533730E+01
2.624221E+01
2.723247E+01
2.826844E+01
2.931658E+01
3.034559E+01
3.132417E+01
3.221913E+01
3.299336E+01
3.360312E+01
3.399372E+01
3.409161E+01
3.378658E+01
3.287546E+01
3.063808E+01
2.816555E+01
2.573415E+01
2.343868E+01
2.130761E+01
1.934078E+01
1.752506E+01
1.584156E+01
1.426874E+01
1.278359E+01
1.136129E+01
9.973731E+00
8.585812E+00
7.146982E+00
5.567505E+00
3.623377E+00
2.519112E+01
2.572681E+01
2.649929E+01
2.741496E+01
2.841790E+01
2.946682E+01
3.052684E+01
3.156561E+01
3.255090E+01
3.344866E+01
3.422097E+01
3.482334E+01
3.520043E+01
3.527826E+01
3.494640E+01
3.400174E+01
3.172454E+01
2.920659E+01
2.672510E+01
2.437584E+01
2.218826E+01
2.016304E+01
1.828774E+01
1.654391E+01
1.491030E+01
1.336390E+01
1.187975E+01
1.042931E+01
8.976677E+00
7.469861E+00
5.816050E+00
3.782570E+00
2.627265E+01
2.680788E+01
2.758453E+01
2.850766E+01
2.951976E+01
3.057812E+01
3.164668E+01
3.269213E+01
3.368140E+01
3.457969E+01
3.534841E+01
3.594248E+01
3.630607E+01
3.636487E+01
3.600830E+01
3.503335E+01
3.272057E+01
3.016231E+01
2.763642E+01
2.523943E+01
2.300154E+01
2.092409E+01
1.899518E+01
1.719677E+01
1.550782E+01
1.390540E+01
1.236441E+01
1.085593E+01
9.343361E+00
7.773354E+00
6.050176E+00
3.932889E+00
2.728832E+01
2.782216E+01
2.860097E+01
2.952897E+01
3.054739E+01
3.161233E+01
3.268671E+01
3.373636E+01
3.472746E+01
3.562455E+01
3.638848E+01
3.697367E+01
3.732395E+01
3.736472E+01
3.698532E+01
3.598282E+01
3.363800E+01
3.104362E+01
2.847804E+01
2.603836E+01
2.375534E+01
2.163086E+01
1.965346E+01
1.780543E+01
1.606593E+01
1.441208E+01
1.281869E+01
1.125649E+01
9.688261E+00
8.059347E+00
6.271241E+00
4.075127E+00
2.824394E+01
2.877574E+01
2.955519E+01
3.048602E+01
3.150848E+01
3.257768E+01
3.365568E+01
3.470753E+01
3.569874E+01
3.659330E+01
3.735157E+01
3.792758E+01
3.826483E+01
3.828854E+01
3.788797E+01
3.686026E+01
3.448639E+01
3.185940E+01
2.925806E+01
2.677991E+01
2.445615E+01
2.228908E+01
2.026760E+01
1.837427E+01
1.658843E+01
1.488725E+01
1.324542E+01
1.163340E+01
1.001334E+01
8.329372E+00
6.480346E+00
4.209931E+00
2.914448E+01
2.967378E+01
3.045273E+01
3.138479E+01
3.240946E+01
3.348107E+01
3.456090E+01
3.561333E+01
3.660331E+01
3.749433E+01
3.824632E+01
3.881298E+01
3.913756E+01
3.914512E+01
3.872487E+01
3.767397E+01
3.527358E+01
3.261697E+01
2.998321E+01
2.747017E+01
2.510942E+01
2.290359E+01
2.084188E+01
1.890705E+01
1.707859E+01
1.533370E+01
1.364700E+01
1.198865E+01
1.032022E+01
8.584707E+00
6.678411E+00
4.337840E+00
2.999424E+01
3.052076E+01
3.129834E+01
3.223038E+01
3.325583E+01
3.432833E+01
3.540855E+01
3.646028E+01
3.744796E+01
3.833466E+01
3.907994E+01
3.963721E+01
3.994951E+01
3.994177E+01
3.950315E+01
3.843085E+01
3.600613E+01
3.332245E+01
3.065912E+01
2.811429E+01
2.571980E+01
2.347853E+01
2.137993E+01
1.940695E+01
1.753917E+01
1.575385E+01
1.402547E+01
1.232395E+01
1.061032E+01
8.826440E+00
6.866218E+00
4.459319E+00
3.079699E+01
3.132054E+01
3.209614E+01
3.302720E+01
3.405228E+01
3.512448E+01
3.620393E+01
3.725393E+01
3.823848E+01
3.912027E+01
3.985855E+01
4.040648E+01
4.070691E+01
4.068466E+01
4.022885E+01
3.913670E+01
3.668956E+01
3.398103E+01
3.129061E+01
2.871665E+01
2.629123E+01
2.401745E+01
2.188492E+01
1.987675E+01
1.797262E+01
1.614978E+01
1.438262E+01
1.264081E+01
1.088483E+01
9.055519E+00
7.044449E+00
4.574772E+00
3.155606E+01
3.207656E+01
3.284971E+01
3.377908E+01
3.480289E+01
3.587384E+01
3.695161E+01
3.799906E+01
3.897984E+01
3.985628E+01
4.058738E+01
4.112606E+01
4.141504E+01
4.137903E+01
4.090709E+01
3.979646E+01
3.732858E+01
3.459714E+01
3.188178E+01
2.928105E+01
2.682718E+01
2.452344E+01
2.235960E+01
2.031889E+01
1.838105E+01
1.652332E+01
1.472001E+01
1.294053E+01
1.114484E+01
9.272775E+00
7.213708E+00
4.684558E+00
3.227445E+01
3.279187E+01
3.356225E+01
3.448937E+01
3.551123E+01
3.658019E+01
3.765555E+01
3.869983E+01
3.967633E+01
4.054711E+01
4.127093E+01
4.180053E+01
4.207847E+01
4.202937E+01
4.154226E+01
4.041440E+01
3.792724E+01
3.517460E+01
3.243621E+01
2.981076E+01
2.733062E+01
2.499920E+01
2.280639E+01
2.073550E+01
1.876634E+01
1.687612E+01
1.503904E+01
1.322427E+01
1.139129E+01
9.478954E+00
7.374533E+00
4.789003E+00
3.295483E+01
3.346919E+01
3.423659E+01
3.516105E+01
3.618045E+01
3.724685E+01
3.831924E+01
3.935986E+01
4.033171E+01
4.119663E+01
4.191314E+01
4.243382E+01
4.270113E+01
4.263958E+01
4.213818E+01
4.099418E+01
3.848908E+01
3.571674E+01
3.295701E+01
3.030866E+01
2.780419E+01
2.544712E+01
2.322742E+01
2.112850E+01
1.913016E+01
1.720961E+01
1.534095E+01
1.349309E+01
1.162503E+01
9.674726E+00
7.527414E+00
4.888401E+00
3.359962E+01
3.411097E+01
3.487527E+01
3.579680E+01
3.681333E+01
3.787674E+01
3.894575E+01
3.998233E+01
4.094928E+01
4.180818E+01
4.251741E+01
4.302939E+01
4.328645E+01
4.321306E+01
4.269817E+01
4.153903E+01
3.901716E+01
3.622648E+01
3.344691E+01
3.077729E+01
2.825023E+01
2.586932E+01
2.362462E+01
2.149957E+01
1.947401E+01
1.752511E+01
1.562686E+01
1.374791E+01
1.184685E+01
9.860700E+00
7.672796E+00
4.983021E+00
3.421102E+01
3.471945E+01
3.548058E+01
3.639898E+01
3.741238E+01
3.847246E+01
3.953778E+01
4.057007E+01
4.153192E+01
4.238475E+01
4.308676E+01
4.359026E+01
4.383747E+01
4.375279E+01
4.322514E+01
4.205176E+01
3.951418E+01
3.670638E+01
3.390831E+01
3.121890E+01
2.867080E+01
2.626768E+01
2.399967E+01
2.185025E+01
1.979924E+01
1.782380E+01
1.589777E+01
1.398961E+01
1.205744E+01
1.003743E+01
7.811087E+00
5.073113E+00
3.479104E+01
3.529664E+01
3.605459E+01
3.696974E+01
3.797981E+01
3.903635E+01
4.009775E+01
4.112557E+01
4.208222E+01
4.292896E+01
4.362385E+01
4.411909E+01
4.435683E+01
4.426139E+01
4.372166E+01
4.253486E+01
3.998255E+01
3.715871E+01
3.434336E+01
3.163546E+01
2.906774E+01
2.664390E+01
2.435412E+01
2.218190E+01
2.010708E+01
1.810674E+01
1.615463E+01
1.421896E+01
1.225744E+01
1.020544E+01
7.942665E+00
5.158908E+00
3.534151E+01
3.584439E+01
3.659919E+01
3.751103E+01
3.851764E+01
3.957050E+01
4.062783E+01
4.165107E+01
4.260246E+01
4.344313E+01
4.413104E+01
4.461827E+01
4.484690E+01
4.474119E+01
4.419000E+01
4.299055E+01
4.042438E+01
3.758551E+01
3.475397E+01
3.202879E+01
2.944270E+01
2.699949E+01
2.468934E+01
2.249577E+01
2.039861E+01
1.837490E+01
1.639826E+01
1.443669E+01
1.244746E+01
1.036518E+01
8.067880E+00
5.240621E+00
3.586412E+01
3.636440E+01
3.711609E+01
3.802461E+01
3.902771E+01
4.007678E+01
4.112997E+01
4.214856E+01
4.309468E+01
4.392936E+01
4.461043E+01
4.508990E+01
4.530977E+01
4.519427E+01
4.463221E+01
4.342079E+01
4.084157E+01
3.798857E+01
3.514186E+01
3.240046E+01
2.979719E+01
2.733582E+01
2.500658E+01
2.279299E+01
2.067487E+01
1.862918E+01
1.662944E+01
1.464343E+01
1.262804E+01
1.051711E+01
8.187056E+00
5.318453E+00
3.636041E+01
3.685821E+01
3.760687E+01
3.851209E+01
3.951165E+01
4.055691E+01
4.160591E+01
4.261984E+01
4.356074E+01
4.438951E+01
4.506391E+01
4.553588E+01
4.574734E+01
4.562248E+01
4.505009E+01
4.382736E+01
4.123583E+01
3.836953E+01
3.550854E+01
3.275194E+01
3.013253E+01
2.765414E+01
2.530698E+01
2.307458E+01
2.093675E+01
1.887038E+01
1.684888E+01
1.483981E+01
1.279968E+01
1.066161E+01
8.300494E+00
5.392590E+00
3.683182E+01
3.732726E+01
3.807298E+01
3.897494E+01
3.997098E+01
4.101243E+01
4.205724E+01
4.306655E+01
4.400227E+01
4.482525E+01
4.549317E+01
4.595788E+01
4.616127E+01
4.602749E+01
4.544528E+01
4.421182E+01
4.160866E+01
3.872983E+01
3.585542E+01
3.308452E+01
3.044995E+01
2.795555E+01
2.559156E+01
2.334148E+01
2.118510E+01
1.909926E+01
1.705723E+01
1.502638E+01
1.296286E+01
1.079908E+01
8.408478E+00
5.463209E+00
3.727967E+01
3.777286E+01
3.851573E+01
3.941451E+01
4.040708E+01
4.144474E+01
4.248541E+01
4.349014E+01
4.442079E+01
4.523811E+01
4.589973E+01
4.635745E+01
4.655309E+01
4.641078E+01
4.581924E+01
4.457562E+01
4.196146E+01
3.907080E+01
3.618375E+01
3.339938E+01
3.075055E+01
2.824110E+01
2.586126E+01
2.359455E+01
2.142070E+01
1.931649E+01
1.725509E+01
1.520366E+01
1.311800E+01
1.092986E+01
8.511270E+00
5.530473E+00
3.770516E+01
3.819622E+01
3.893636E+01
3.983204E+01
4.082120E+01
4.185514E+01
4.289173E+01
4.389196E+01
4.481764E+01
4.562946E+01
4.628497E+01
4.673595E+01
4.692417E+01
4.677372E+01
4.617329E+01
4.492003E+01
4.229547E+01
3.939364E+01
3.649465E+01
3.369760E+01
3.103534E+01
2.851172E+01
2.611696E+01
2.383457E+01
2.164424E+01
1.952271E+01
1.744301E+01
1.537213E+01
1.326551E+01
1.105428E+01
8.609116E+00
5.594538E+00
3.810943E+01
3.859848E+01
3.933600E+01
4.022867E+01
4.121451E+01
4.224480E+01
4.327739E+01
4.427323E+01
4.519406E+01
4.600053E+01
4.665016E+01
4.709464E+01
4.727575E+01
4.711752E+01
4.650864E+01
4.524623E+01
4.261181E+01
3.969943E+01
3.678917E+01
3.398016E+01
3.130523E+01
2.876825E+01
2.635943E+01
2.406225E+01
2.185639E+01
1.971850E+01
1.762152E+01
1.553223E+01
1.340576E+01
1.117264E+01
8.702247E+00
5.655547E+00
3.849353E+01
3.898068E+01
3.971570E+01
4.060547E+01
4.158807E+01
4.261481E+01
4.364350E+01
4.463505E+01
4.555117E+01
4.635247E+01
4.699641E+01
4.743466E+01
4.760895E+01
4.744330E+01
4.682637E+01
4.555527E+01
4.291152E+01
3.998914E+01
3.706825E+01
3.424794E+01
3.156107E+01
2.901148E+01
2.658939E+01
2.427827E+01
2.205774E+01
1.990440E+01
1.779108E+01
1.568438E+01
1.353911E+01
1.128522E+01
8.790877E+00
5.713636E+00
3.885843E+01
3.934379E+01
4.007641E+01
4.096339E+01
4.194287E+01
4.296616E+01
4.399106E+01
4.497845E+01
4.589001E+01
4.668631E+01
4.732477E+01
4.775703E+01
4.792480E+01
4.775207E+01
4.712748E+01
4.584813E+01
4.319553E+01
4.026370E+01
3.733274E+01
3.450176E+01
3.180361E+01
2.924212E+01
2.680752E+01
2.448323E+01
2.224885E+01
2.008091E+01
1.795214E+01
1.582896E+01
1.366588E+01
1.139230E+01
8.875208E+00
5.768933E+00
3.920504E+01
3.968870E+01
4.041904E+01
4.130334E+01
4.227982E+01
4.329977E+01
4.432100E+01
4.530437E+01
4.621152E+01
4.700299E+01
4.763618E+01
4.806271E+01
4.822424E+01
4.804475E+01
4.741287E+01
4.612569E+01
4.346470E+01
4.052391E+01
3.758343E+01
3.474237E+01
3.203356E+01
2.946084E+01
2.701441E+01
2.467769E+01
2.243023E+01
2.024849E+01
1.810510E+01
1.596632E+01
1.378637E+01
1.149411E+01
8.955428E+00
5.821557E+00
3.953419E+01
4.001625E+01
4.074443E+01
4.162617E+01
4.259974E+01
4.361648E+01
4.463417E+01
4.561365E+01
4.651655E+01
4.730338E+01
4.793152E+01
4.835254E+01
4.850811E+01
4.832219E+01
4.768337E+01
4.638874E+01
4.371979E+01
4.077053E+01
3.782105E+01
3.497045E+01
3.225157E+01
2.966824E+01
2.721065E+01
2.486217E+01
2.260234E+01
2.040756E+01
1.825035E+01
1.609680E+01
1.390086E+01
1.159089E+01
9.031715E+00
5.871621E+00
3.984666E+01
4.032722E+01
4.105334E+01
4.193264E+01
4.290343E+01
4.391708E+01
4.493136E+01
4.590710E+01
4.680591E+01
4.758828E+01
4.821157E+01
4.862733E+01
4.877721E+01
4.858515E+01
4.793974E+01
4.663804E+01
4.396154E+01
4.100424E+01
3.804624E+01
3.518663E+01
3.245823E+01
2.986488E+01
2.739673E+01
2.503716E+01
2.276564E+01
2.055852E+01
1.838823E+01
1.622070E+01
1.400962E+01
1.168286E+01
9.104234E+00
5.919229E+00
4.014318E+01
4.062233E+01
4.134650E+01
4.222347E+01
4.319161E+01
4.420228E+01
4.521329E+01
4.618544E+01
4.708033E+01
4.785842E+01
4.847706E+01
4.888780E+01
4.903225E+01
4.883434E+01
4.818266E+01
4.687425E+01
4.419060E+01
4.122569E+01
3.825963E+01
3.539148E+01
3.265409E+01
3.005126E+01
2.757314E+01
2.520308E+01
2.292052E+01
2.070173E+01
1.851907E+01
1.633831E+01
1.411289E+01
1.177022E+01
9.173139E+00
5.964480E+00
4.042443E+01
4.090226E+01
4.162459E+01
4.249933E+01
4.346493E+01
4.447277E+01
4.548063E+01
4.644934E+01
4.734047E+01
4.811447E+01
4.872867E+01
4.913461E+01
4.927389E+01
4.907042E+01
4.841277E+01
4.709799E+01
4.440756E+01
4.143545E+01
3.846175E+01
3.558555E+01
3.283965E+01
3.022787E+01
2.774033E+01
2.536036E+01
2.306735E+01
2.083755E+01
1.864318E+01
1.644991E+01
1.421090E+01
1.185315E+01
9.238574E+00
6.007467E+00
4.069105E+01
4.116763E+01
4.188821E+01
4.276085E+01
4.372403E+01
4.472915E+01
4.573402E+01
4.669943E+01
4.758696E+01
4.835706E+01
4.896702E+01
4.936838E+01
4.950273E+01
4.929397E+01
4.863066E+01
4.730985E+01
4.461298E+01
4.163406E+01
3.865314E+01
3.576931E+01
3.301538E+01
3.039514E+01
2.789870E+01
2.550936E+01
2.320650E+01
2.096627E+01
1.876084E+01
1.655572E+01
1.430387E+01
1.193184E+01
9.300677E+00
6.048276E+00
4.094362E+01
4.141902E+01
4.213796E+01
4.300860E+01
4.396948E+01
4.497202E+01
4.597402E+01
4.693629E+01
4.782039E+01
4.858675E+01
4.919267E+01
4.958968E+01
4.971934E+01
4.950555E+01
4.883687E+01
4.751033E+01
4.480738E+01
4.182200E+01
3.883426E+01
3.594323E+01
3.318171E+01
3.055347E+01
2.804863E+01
2.565045E+01
2.333827E+01
2.108820E+01
1.887232E+01
1.665600E+01
1.439199E+01
1.200644E+01
9.359573E+00
6.086989E+00
4.118268E+01
4.165699E+01
4.237438E+01
4.324313E+01
4.420182E+01
4.520190E+01
4.620117E+01
4.716044E+01
4.804127E+01
4.880407E+01
4.940616E+01
4.979902E+01
4.992422E+01
4.970567E+01
4.903190E+01
4.769993E+01
4.499122E+01
4.199974E+01
3.900555E+01
3.610771E+01
3.333902E+01
3.070324E+01
2.819047E+01
2.578394E+01
2.346296E+01
2.120360E+01
1.897784E+01
1.675095E+01
1.447545E+01
1.207711E+01
9.415380E+00
6.123682E+00
4.140875E+01
4.188203E+01
4.259796E+01
4.346492E+01
4.442155E+01
4.541929E+01
4.641597E+01
4.737239E+01
4.825010E+01
4.900953E+01
4.960795E+01
4.999688E+01
5.011786E+01
4.989479E+01
4.921619E+01
4.787909E+01
4.516494E+01
4.216769E+01
3.916741E+01
3.626314E+01
3.348769E+01
3.084479E+01
2.832454E+01
2.591014E+01
2.358086E+01
2.131273E+01
1.907766E+01
1.684078E+01
1.455441E+01
1.214400E+01
9.468210E+00
6.158425E+00
4.162231E+01
4.209463E+01
4.280918E+01
4.367446E+01
4.462912E+01
4.562465E+01
4.661887E+01
4.757258E+01
4.844734E+01
4.920356E+01
4.979852E+01
5.018371E+01
5.030069E+01
5.007334E+01
4.939018E+01
4.804823E+01
4.532893E+01
4.232623E+01
3.932020E+01
3.640988E+01
3.362805E+01
3.097845E+01
2.845114E+01
2.602932E+01
2.369222E+01
2.141582E+01
1.917196E+01
1.692566E+01
1.462905E+01
1.220723E+01
9.518165E+00
6.191284E+00
4.182380E+01
4.229522E+01
4.300848E+01
4.387217E+01
4.482498E+01
4.581841E+01
4.681030E+01
4.776145E+01
4.863341E+01
4.938659E+01
4.997826E+01
5.035992E+01
5.047312E+01
5.024172E+01
4.955425E+01
4.820772E+01
4.548356E+01
4.247574E+01
3.946429E+01
3.654826E+01
3.376042E+01
3.110450E+01
2.857055E+01
2.614174E+01
2.379728E+01
2.151309E+01
1.926096E+01
1.700578E+01
1.469952E+01
1.226694E+01
9.565341E+00
6.222323E+00
4.201363E+01
4.248420E+01
4.319626E+01
4.405845E+01
4.500952E+01
4.600098E+01
4.699066E+01
4.793939E+01
4.880869E+01
4.955900E+01
5.014757E+01
5.052590E+01
5.063551E+01
5.040029E+01
4.970876E+01
4.835791E+01
4.562918E+01
4.261652E+01
3.959997E+01
3.667857E+01
3.388508E+01
3.122322E+01
2.868302E+01
2.624764E+01
2.389626E+01
2.160475E+01
1.934482E+01
1.708129E+01
1.476594E+01
1.232323E+01
9.609830E+00
6.251599E+00
4.219218E+01
4.266198E+01
4.337290E+01
4.423369E+01
4.518312E+01
4.617271E+01
4.716032E+01
4.810675E+01
4.897356E+01
4.972116E+01
5.030680E+01
5.068198E+01
5.078822E+01
5.054940E+01
4.985404E+01
4.849913E+01
4.576609E+01
4.274889E+01
3.972755E+01
3.680110E+01
3.400230E+01
3.133486E+01
2.878879E+01
2.634725E+01
2.398936E+01
2.169097E+01
1.942373E+01
1.715234E+01
1.482845E+01
1.237621E+01
9.651713E+00
6.279165E+00
4.235982E+01
4.282888E+01
4.353875E+01
4.439823E+01
4.534611E+01
4.633396E+01
4.731961E+01
4.826389E+01
4.912835E+01
4.987339E+01
5.045627E+01
5.082849E+01
5.093156E+01
5.068936E+01
4.999040E+01
4.863167E+01
4.589459E+01
4.287312E+01
3.984728E+01
3.691610E+01
3.411232E+01
3.143965E+01
2.888809E+01
2.644076E+01
2.407677E+01
2.177193E+01
1.949783E+01
1.721908E+01
1.488717E+01
1.242600E+01
9.691068E+00
6.305073E+00
4.251687E+01
4.298525E+01
4.369414E+01
4.455238E+01
4.549883E+01
4.648503E+01
4.746885E+01
4.841111E+01
4.927336E+01
5.001600E+01
5.059630E+01
5.096573E+01
5.106583E+01
5.082045E+01
5.011811E+01
4.875581E+01
4.601495E+01
4.298948E+01
3.995943E+01
3.702381E+01
3.421538E+01
3.153781E+01
2.898110E+01
2.652836E+01
2.415866E+01
2.184779E+01
1.956726E+01
1.728163E+01
1.494221E+01
1.247266E+01
9.727969E+00
6.329368E+00
4.266364E+01
4.313139E+01
4.383936E+01
4.469646E+01
4.564156E+01
4.662623E+01
4.760834E+01
4.854870E+01
4.940888E+01
5.014927E+01
5.072715E+01
5.109398E+01
5.119129E+01
5.094294E+01
5.023745E+01
4.887179E+01
4.612740E+01
4.309820E+01
4.006421E+01
3.712446E+01
3.431167E+01
3.162953E+01
2.906802E+01
2.661022E+01
2.423520E+01
2.191869E+01
1.963218E+01
1.734010E+01
1.499367E+01
1.251630E+01
9.762481E+00
6.352093E+00
4.280041E+01
4.326759E+01
4.397470E+01
4.483074E+01
4.577458E+01
4.675782E+01
4.773833E+01
4.867693E+01
4.953517E+01
5.027347E+01
5.084908E+01
5.121348E+01
5.130819E+01
5.105708E+01
5.034864E+01
4.897987E+01
4.623217E+01
4.319949E+01
4.016184E+01
3.721823E+01
3.440139E+01
3.171500E+01
2.914902E+01
2.668652E+01
2.430654E+01
2.198478E+01
1.969268E+01
1.739461E+01
1.504166E+01
1.255700E+01
9.794666E+00
6.373290E+00
4.292745E+01
4.339409E+01
4.410041E+01
4.495547E+01
4.589815E+01
4.688006E+01
4.785908E+01
4.879604E+01
4.965248E+01
5.038883E+01
5.096234E+01
5.132447E+01
5.141677E+01
5.116308E+01
5.045190E+01
4.908023E+01
4.632948E+01
4.329356E+01
4.025251E+01
3.730532E+01
3.448473E+01
3.179438E+01
2.922425E+01
2.675739E+01
2.437281E+01
2.204618E+01
1.974890E+01
1.744527E+01
1.508625E+01
1.259482E+01
9.824581E+00
6.392994E+00
4.304499E+01
4.351114E+01
4.421674E+01
4.507088E+01
4.601249E+01
4.699317E+01
4.797082E+01
4.890625E+01
4.976103E+01
5.049557E+01
5.106713E+01
5.142717E+01
5.151723E+01
5.126115E+01
5.054744E+01
4.917309E+01
4.641950E+01
4.338060E+01
4.033640E+01
3.738590E+01
3.456183E+01
3.186783E+01
2.929386E+01
2.682296E+01
2.443413E+01
2.210300E+01
1.980093E+01
1.749215E+01
1.512752E+01
1.262983E+01
9.852280E+00
6.411239E+00
4.315326E+01
4.361895E+01
4.432389E+01
4.517720E+01
4.611782E+01
4.709737E+01
4.807375E+01
4.900778E+01
4.986103E+01
5.059390E+01
5.116366E+01
5.152177E+01
5.160976E+01
5.135148E+01
5.063544E+01
4.925862E+01
4.650241E+01
4.346076E+01
4.041366E+01
3.746012E+01
3.463284E+01
3.193549E+01
2.935799E+01
2.688337E+01
2.449062E+01
2.215535E+01
1.984887E+01
1.753535E+01
1.516556E+01
1.266210E+01
9.877809E+00
6.428058E+00
4.325246E+01
4.371774E+01
4.442207E+01
4.527462E+01
4.621433E+01
4.719285E+01
4.816806E+01
4.910081E+01
4.995265E+01
5.068399E+01
5.125210E+01
5.160844E+01
5.169454E+01
5.143425E+01
5.071607E+01
4.933697E+01
4.657838E+01
4.353420E+01
4.048445E+01
3.752811E+01
3.469791E+01
3.199747E+01
2.941674E+01
2.693872E+01
2.454239E+01
2.220333E+01
1.989281E+01
1.757495E+01
1.520042E+01
1.269168E+01
9.901213E+00
6.443478E+00
4.334277E+01
4.380768E+01
4.451146E+01
4.536331E+01
4.630220E+01
4.727978E+01
4.825393E+01
4.918551E+01
5.003607E+01
5.076602E+01
5.133262E+01
5.168735E+01
5.177173E+01
5.150960E+01
5.078946E+01
4.940831E+01
4.664753E+01
4.360106E+01
4.054889E+01
3.759002E+01
3.475714E+01
3.205391E+01
2.947023E+01
2.698912E+01
2.458953E+01
2.224701E+01
1.993282E+01
1.761101E+01
1.523218E+01
1.271862E+01
9.922532E+00
6.457525E+00
4.342436E+01
4.388894E+01
4.459222E+01
4.544344E+01
4.638159E+01
4.735832E+01
4.833152E+01
4.926203E+01
5.011143E+01
5.084013E+01
5.140537E+01
5.175864E+01
5.184146E+01
5.157767E+01
5.085577E+01
4.947276E+01
4.671001E+01
4.366146E+01
4.060711E+01
3.764594E+01
3.481066E+01
3.210490E+01
2.951856E+01
2.703466E+01
2.463212E+01
2.228648E+01
1.996897E+01
1.764359E+01
1.526087E+01
1.274297E+01
9.941801E+00
6.470223E+00
4.349738E+01
4.396165E+01
4.466450E+01
4.551516E+01
4.645265E+01
4.742861E+01
4.840095E+01
4.933052E+01
5.017889E+01
5.090645E+01
5.147048E+01
5.182244E+01
5.190386E+01
5.163859E+01
5.091512E+01
4.953043E+01
4.676592E+01
4.371552E+01
4.065921E+01
3.769599E+01
3.485856E+01
3.215053E+01
2.956182E+01
2.707541E+01
2.467024E+01
2.232182E+01
2.000133E+01
1.767277E+01
1.528656E+01
1.276477E+01
9.959054E+00
6.481593E+00
4.356196E+01
4.402597E+01
4.472842E+01
4.557859E+01
4.651549E+01
4.749078E+01
4.846237E+01
4.939110E+01
5.023855E+01
5.096511E+01
5.152807E+01
5.187887E+01
5.195906E+01
5.169247E+01
5.096760E+01
4.958144E+01
4.681537E+01
4.376333E+01
4.070529E+01
3.774026E+01
3.490092E+01
3.219089E+01
2.960008E+01
2.711146E+01
2.470396E+01
2.235307E+01
2.002996E+01
1.769857E+01
1.530929E+01
1.278406E+01
9.974319E+00
6.491654E+00
4.361821E+01
4.408199E+01
4.478411E+01
4.563385E+01
4.657024E+01
4.754494E+01
4.851587E+01
4.944388E+01
5.029052E+01
5.101622E+01
5.157823E+01
5.192803E+01
5.200714E+01
5.173940E+01
5.101332E+01
4.962587E+01
4.685845E+01
4.380497E+01
4.074544E+01
3.777882E+01
3.493782E+01
3.222605E+01
2.963341E+01
2.714287E+01
2.473333E+01
2.238030E+01
2.005490E+01
1.772106E+01
1.532909E+01
1.280086E+01
9.987622E+00
6.500421E+00
4.366624E+01
4.412983E+01
4.483166E+01
4.568103E+01
4.661699E+01
4.759119E+01
4.856156E+01
4.948894E+01
5.033490E+01
5.105986E+01
5.162107E+01
5.197001E+01
5.204820E+01
5.177948E+01
5.105236E+01
4.966382E+01
4.689523E+01
4.384053E+01
4.077971E+01
3.781175E+01
3.496933E+01
3.225607E+01
2.966187E+01
2.716969E+01
2.475842E+01
2.240355E+01
2.007620E+01
1.774026E+01
1.534601E+01
1.281522E+01
9.998984E+00
6.507910E+00
4.370614E+01
4.416957E+01
4.487115E+01
4.572022E+01
4.665582E+01
4.762961E+01
4.859951E+01
4.952637E+01
5.037176E+01
5.109610E+01
5.165665E+01
5.200487E+01
5.208230E+01
5.181277E+01
5.108479E+01
4.969533E+01
4.692579E+01
4.387007E+01
4.080818E+01
3.783910E+01
3.499550E+01
3.228101E+01
2.968551E+01
2.719196E+01
2.477926E+01
2.242287E+01
2.009390E+01
1.775621E+01
1.536006E+01
1.282714E+01
1.000842E+01
6.514132E+00
4.373797E+01
4.420127E+01
4.490267E+01
4.575150E+01
4.668680E+01
4.766026E+01
4.862979E+01
4.955624E+01
5.040118E+01
5.112503E+01
5.168504E+01
5.203269E+01
5.210951E+01
5.183933E+01
5.111067E+01
4.972048E+01
4.695016E+01
4.389364E+01
4.083090E+01
3.786092E+01
3.501639E+01
3.230091E+01
2.970437E+01
2.720974E+01
2.479589E+01
2.243828E+01
2.010802E+01
1.776894E+01
1.537127E+01
1.283666E+01
1.001596E+01
6.519098E+00
4.376180E+01
4.422500E+01
4.492625E+01
4.577490E+01
4.670999E+01
4.768320E+01
4.865245E+01
4.957859E+01
5.042319E+01
5.114667E+01
5.170629E+01
5.205352E+01
5.212988E+01
5.185922E+01
5.113003E+01
4.973930E+01
4.696841E+01
4.391128E+01
4.084790E+01
3.787725E+01
3.503202E+01
3.231580E+01
2.971849E+01
2.722304E+01
2.480833E+01
2.244982E+01
2.011859E+01
1.777847E+01
1.537967E+01
1.284378E+01
1.002160E+01
6.522816E+00
4.377766E+01
4.424080E+01
4.494195E+01
4.579048E+01
4.672543E+01
4.769848E+01
4.866754E+01
4.959347E+01
5.043785E+01
5.116108E+01
5.172044E+01
5.206738E+01
5.214344E+01
5.187245E+01
5.114292E+01
4.975183E+01
4.698055E+01
4.392302E+01
4.085922E+01
3.788813E+01
3.504242E+01
3.232572E+01
2.972789E+01
2.723190E+01
2.481662E+01
2.245750E+01
2.012562E+01
1.778481E+01
1.538525E+01
1.284853E+01
1.002535E+01
6.525291E+00
4.378558E+01
4.424869E+01
4.494980E+01
4.579827E+01
4.673314E+01
4.770611E+01
4.867508E+01
4.960091E+01
5.044517E+01
5.116828E+01
5.172750E+01
5.207430E+01
5.215021E+01
5.187906E+01
5.114936E+01
4.975808E+01
4.698662E+01
4.392889E+01
4.086488E+01
3.789356E+01
3.504762E+01
3.233067E+01
2.973259E+01
2.723633E+01
2.482076E+01
2.246134E+01
2.012914E+01
1.778798E+01
1.538804E+01
1.285090E+01
1.002723E+01
6.526527E+00
4.378558E+01
4.424869E+01
4.494980E+01
4.579827E+01
4.673314E+01
4.770611E+01
4.867508E+01
4.960091E+01
5.044517E+01
5.116828E+01
5.172750E+01
5.207430E+01
5.215021E+01
5.187906E+01
5.114936E+01
4.975808E+01
4.698662E+01
4.392889E+01
4.086488E+01
3.789356E+01
3.504762E+01
3.233067E+01
2.973259E+01
2.723633E+01
2.482076E+01
2.246134E+01
2.012914E+01
1.778798E+01
1.538804E+01
1.285090E+01
1.002723E+01
6.526527E+00
4.377766E+01
4.424080E+01
4.494195E+01
4.579048E+01
4.672543E+01
4.769848E+01
4.866754E+01
4.959347E+01
5.043785E+01
5.116108E+01
5.172044E+01
5.206738E+01
5.214344E+01
5.187245E+01
5.114292E+01
4.975183E+01
4.698055E+01
4.392302E+01
4.085922E+01
3.788813E+01
3.504242E+01
3.232572E+01
2.972789E+01
2.723190E+01
2.481662E+01
2.245750E+01
2.012562E+01
1.778481E+01
1.538525E+01
1.284853E+01
1.002535E+01
6.525291E+00
4.376180E+01
4.422500E+01
4.492625E+01
4.577490E+01
4.670999E+01
4.768320E+01
4.865245E+01
4.957859E+01
5.042319E+01
5.114667E+01
5.170629E+01
5.205352E+01
5.212988E+01
5.185922E+01
5.113003E+01
4.973930E+01
4.696841E+01
4.391128E+01
4.084790E+01
3.787725E+01
3.503202E+01
3.231580E+01
2.971849E+01
2.722304E+01
2.480833E+01
2.244982E+01
2.011859E+01
1.777847E+01
1.537967E+01
1.284378E+01
1.002160E+01
6.522816E+00
4.373797E+01
4.420127E+01
4.490267E+01
4.575150E+01
4.668680E+01
4.766026E+01
4.862979E+01
4.955624E+01
5.040118E+01
5.112503E+01
5.168504E+01
5.203269E+01
5.210951E+01
5.183933E+01
5.111067E+01
4.972048E+01
4.695016E+01
4.389364E+01
4.083090E+01
3.786092E+01
3.501639E+01
3.230091E+01
2.970437E+01
2.720974E+01
2.479589E+01
2.243828E+01
2.010802E+01
1.776894E+01
1.537127E+01
1.283666E+01
1.001596E+01
6.519098E+00
4.370614E+01
4.416957E+01
4.487115E+01
4.572022E+01
4.665582E+01
4.762961E+01
4.859951E+01
4.952637E+01
5.037176E+01
5.109610E+01
5.165665E+01
5.200487E+01
5.208230E+01
5.181277E+01
5.108479E+01
4.969533E+01
4.692579E+01
4.387007E+01
4.080818E+01
3.783910E+01
3.499550E+01
3.228101E+01
2.968551E+01
2.719196E+01
2.477926E+01
2.242287E+01
2.009390E+01
1.775621E+01
1.536006E+01
1.282714E+01
1.000842E+01
6.514132E+00
4.366624E+01
4.412983E+01
4.483166E+01
4.568103E+01
4.661699E+01
4.759119E+01
4.856156E+01
4.948894E+01
5.033490E+01
5.105986E+01
5.162107E+01
5.197001E+01
5.204820E+01
5.177948E+01
5.105236E+01
4.966382E+01
4.689523E+01
4.384053E+01
4.077971E+01
3.781175E+01
3.496933E+01
3.225607E+01
2.966187E+01
2.716969E+01
2.475842E+01
2.240355E+01
2.007620E+01
1.774026E+01
1.534601E+01
1.281522E+01
9.998984E+00
6.507910E+00
4.361821E+01
4.408199E+01
4.478411E+01
4.563385E+01
4.657024E+01
4.754494E+01
4.851587E+01
4.944388E+01
5.029052E+01
5.101622E+01
5.157823E+01
5.192803E+01
5.200714E+01
5.173940E+01
5.101332E+01
4.962587E+01
4.685845E+01
4.380497E+01
4.074544E+01
3.777882E+01
3.493782E+01
3.222605E+01
2.963341E+01
2.714287E+01
2.473333E+01
2.238030E+01
2.005490E+01
1.772106E+01
1.532909E+01
1.280086E+01
9.987622E+00
6.500421E+00
4.356196E+01
4.402597E+01
4.472842E+01
4.557859E+01
4.651549E+01
4.749078E+01
4.846237E+01
4.939110E+01
5.023855E+01
5.096511E+01
5.152807E+01
5.187887E+01
5.195906E+01
5.169247E+01
5.096760E+01
4.958144E+01
4.681537E+01
4.376333E+01
4.070529E+01
3.774026E+01
3.490092E+01
3.219089E+01
2.960008E+01
2.711146E+01
2.470396E+01
2.235307E+01
2.002996E+01
1.769857E+01
1.530929E+01
1.278406E+01
9.974319E+00
6.491654E+00
4.349738E+01
4.396165E+01
4.466450E+01
4.551516E+01
4.645265E+01
4.742861E+01
4.840095E+01
4.933052E+01
5.017889E+01
5.090645E+01
5.147048E+01
5.182244E+01
5.190386E+01
5.163859E+01
5.091512E+01
4.953043E+01
4.676592E+01
4.371552E+01
4.065921E+01
3.769599E+01
3.485856E+01
3.215053E+01
2.956182E+01
2.707541E+01
2.467024E+01
2.232182E+01
2.000133E+01
1.767277E+01
1.528656E+01
1.276477E+01
9.959054E+00
6.481593E+00
4.342436E+01
4.388894E+01
4.459222E+01
4.544344E+01
4.638159E+01
4.735832E+01
4.833152E+01
4.926203E+01
5.011143E+01
5.084013E+01
5.140537E+01
5.175864E+01
5.184146E+01
5.157767E+01
5.085577E+01
4.947276E+01
4.671001E+01
4.366146E+01
4.060711E+01
3.764594E+01
3.481066E+01
3.210490E+01
2.951856E+01
2.703466E+01
2.463212E+01
2.228648E+01
1.996897E+01
1.764359E+01
1.526087E+01
1.274297E+01
9.941801E+00
6.470223E+00
4.334277E+01
4.380768E+01
4.451146E+01
4.536331E+01
4.630220E+01
4.727978E+01
4.825393E+01
4.918551E+01
5.003607E+01
5.076602E+01
5.133262E+01
5.168735E+01
5.177173E+01
5.150960E+01
5.078946E+01
4.940831E+01
4.664753E+01
4.360106E+01
4.054889E+01
3.759002E+01
3.475714E+01
3.205391E+01
2.947023E+01
2.698912E+01
2.458953E+01
2.224701E+01
1.993282E+01
1.761101E+01
1.523218E+01
1.271862E+01
9.922532E+00
6.457525E+00
4.325246E+01
4.371774E+01
4.442207E+01
4.527462E+01
4.621433E+01
4.719285E+01
4.816806E+01
4.910081E+01
4.995265E+01
5.068399E+01
5.125210E+01
5.160844E+01
5.169454E+01
5.143425E+01
5.071607E+01
4.933697E+01
4.657838E+01
4.353420E+01
4.048445E+01
3.752811E+01
3.469791E+01
3.199747E+01
2.941674E+01
2.693872E+01
2.454239E+01
2.220333E+01
1.989281E+01
1.757495E+01
1.520042E+01
1.269168E+01
9.901213E+00
6.443478E+00
4.315326E+01
4.361895E+01
4.432389E+01
4.517720E+01
4.611782E+01
4.709737E+01
4.807375E+01
4.900778E+01
4.986103E+01
5.059390E+01
5.116366E+01
5.152177E+01
5.160976E+01
5.135148E+01
5.063544E+01
4.925862E+01
4.650241E+01
4.346076E+01
4.041366E+01
3.746012E+01
3.463284E+01
3.193549E+01
2.935799E+01
2.688337E+01
2.449062E+01
2.215535E+01
1.984887E+01
1.753535E+01
1.516556E+01
1.266210E+01
9.877809E+00
6.428058E+00
4.304499E+01
4.351114E+01
4.421674E+01
4.507088E+01
4.601249E+01
4.699317E+01
4.797082E+01
4.890625E+01
4.976103E+01
5.049557E+01
5.106713E+01
5.142717E+01
5.151723E+01
5.126115E+01
5.054744E+01
4.917309E+01
4.641950E+01
4.338060E+01
4.033640E+01
3.738590E+01
3.456183E+01
3.186783E+01
2.929386E+01
2.682296E+01
2.443413E+01
2.210300E+01
1.980093E+01
1.749215E+01
1.512752E+01
1.262983E+01
9.852280E+00
6.411239E+00
4.292745E+01
4.339409E+01
4.410041E+01
4.495547E+01
4.589815E+01
4.688006E+01
4.785908E+01
4.879604E+01
4.965248E+01
5.038883E+01
5.096234E+01
5.132447E+01
5.141677E+01
5.116308E+01
5.045190E+01
4.908023E+01
4.632948E+01
4.329356E+01
4.025251E+01
3.730532E+01
3.448473E+01
3.179438E+01
2.922425E+01
2.675739E+01
2.437281E+01
2.204618E+01
1.974890E+01
1.744527E+01
1.508625E+01
1.259482E+01
9.824581E+00
6.392994E+00
4.280041E+01
4.326759E+01
4.397470E+01
4.483074E+01
4.577458E+01
4.675782E+01
4.773833E+01
4.867693E+01
4.953517E+01
5.027347E+01
5.084908E+01
5.121348E+01
5.130819E+01
5.105708E+01
5.034864E+01
4.897987E+01
4.623217E+01
4.319949E+01
4.016184E+01
3.721823E+01
3.440139E+01
3.171500E+01
2.914902E+01
2.668652E+01
2.430654E+01
2.198478E+01
1.969268E+01
1.739461E+01
1.504166E+01
1.255700E+01
9.794666E+00
6.373290E+00
4.266364E+01
4.313139E+01
4.383936E+01
4.469646E+01
4.564156E+01
4.662623E+01
4.760834E+01
4.854870E+01
4.940888E+01
5.014927E+01
5.072715E+01
5.109398E+01
5.119129E+01
5.094294E+01
5.023745E+01
4.887179E+01
4.612740E+01
4.309820E+01
4.006421E+01
3.712446E+01
3.431167E+01
3.162953E+01
2.906802E+01
2.661022E+01
2.423520E+01
2.191869E+01
1.963218E+01
1.734010E+01
1.499367E+01
1.251630E+01
9.762481E+00
6.352093E+00
4.251687E+01
4.298525E+01
4.369414E+01
4.455238E+01
4.549883E+01
4.648503E+01
4.746885E+01
4.841111E+01
4.927336E+01
5.001600E+01
5.059630E+01
5.096573E+01
5.106583E+01
5.082045E+01
5.011811E+01
4.875581E+01
4.601495E+01
4.298948E+01
3.995943E+01
3.702381E+01
3.421538E+01
3.153781E+01
2.898110E+01
2.652836E+01
2.415866E+01
2.184779E+01
1.956726E+01
1.728163E+01
1.494221E+01
1.247266E+01
9.727969E+00
6.329368E+00
4.235982E+01
4.282888E+01
4.353875E+01
4.439823E+01
4.534611E+01
4.633396E+01
4.731961E+01
4.826389E+01
4.912835E+01
4.987339E+01
5.045627E+01
5.082849E+01
5.093156E+01
5.068936E+01
4.999040E+01
4.863167E+01
4.589459E+01
4.287312E+01
3.984728E+01
3.691610E+01
3.411232E+01
3.143965E+01
2.888809E+01
2.644076E+01
2.407677E+01
2.177193E+01
1.949783E+01
1.721908E+01
1.488717E+01
1.242600E+01
9.691068E+00
6.305073E+00
4.219218E+01
4.266198E+01
4.337290E+01
4.423369E+01
4.518312E+01
4.617271E+01
4.716032E+01
4.810675E+01
4.897356E+01
4.972116E+01
5.030680E+01
5.068198E+01
5.078822E+01
5.054940E+01
4.985404E+01
4.849913E+01
4.576609E+01
4.274889E+01
3.972755E+01
3.680110E+01
3.400230E+01
3.133486E+01
2.878879E+01
2.634725E+01
2.398936E+01
2.169097E+01
1.942373E+01
1.715234E+01
1.482845E+01
1.237621E+01
9.651713E+00
6.279165E+00
4.201363E+01
4.248420E+01
4.319626E+01
4.405845E+01
4.500952E+01
4.600098E+01
4.699066E+01
4.793939E+01
4.880869E+01
4.955900E+01
5.014757E+01
5.052590E+01
5.063551E+01
5.040029E+01
4.970876E+01
4.835791E+01
4.562918E+01
4.261652E+01
3.959997E+01
3.667857E+01
3.388508E+01
3.122322E+01
2.868302E+01
2.624764E+01
2.389626E+01
2.160475E+01
1.934482E+01
1.708129E+01
1.476594E+01
1.232323E+01
9.609830E+00
6.251599E+00
4.182380E+01
4.229522E+01
4.300848E+01
4.387217E+01
4.482498E+01
4.581841E+01
4.681030E+01
4.776145E+01
4.863341E+01
4.938659E+01
4.997826E+01
5.035992E+01
5.047312E+01
5.024172E+01
4.955425E+01
4.820772E+01
4.548356E+01
4.247574E+01
3.946429E+01
3.654826E+01
3.376042E+01
3.110450E+01
2.857055E+01
2.614174E+01
2.379728E+01
2.151309E+01
1.926096E+01
1.700578E+01
1.469952E+01
1.226694E+01
9.565341E+00
6.222323E+00
4.162231E+01
4.209463E+01
4.280918E+01
4.367446E+01
4.462912E+01
4.562465E+01
4.661887E+01
4.757258E+01
4.844734E+01
4.920356E+01
4.979852E+01
5.018371E+01
5.030069E+01
5.007334E+01
4.939018E+01
4.804823E+01
4.532893E+01
4.232623E+01
3.932020E+01
3.640988E+01
3.362805E+01
3.097845E+01
2.845114E+01
2.602932E+01
2.369222E+01
2.141582E+01
1.917196E+01
1.692566E+01
1.462905E+01
1.220723E+01
9.518165E+00
6.191284E+00
4.140875E+01
4.188203E+01
4.259796E+01
4.346492E+01
4.442155E+01
4.541929E+01
4.641597E+01
4.737239E+01
4.825010E+01
4.900953E+01
4.960795E+01
4.999688E+01
5.011786E+01
4.989479E+01
4.921619E+01
4.787909E+01
4.516494E+01
4.216769E+01
3.916741E+01
3.626314E+01
3.348769E+01
3.084479E+01
2.832454E+01
2.591014E+01
2.358086E+01
2.131273E+01
1.907766E+01
1.684078E+01
1.455441E+01
1.214400E+01
9.468210E+00
6.158425E+00
4.118268E+01
4.165699E+01
4.237438E+01
4.324313E+01
4.420182E+01
4.520190E+01
4.620117E+01
4.716044E+01
4.804127E+01
4.880407E+01
4.940616E+01
4.979902E+01
4.992422E+01
4.970567E+01
4.903190E+01
4.769993E+01
4.499122E+01
4.199974E+01
3.900555E+01
3.610771E+01
3.333902E+01
3.070324E+01
2.819047E+01
2.578394E+01
2.346296E+01
2.120360E+01
1.897784E+01
1.675095E+01
1.447545E+01
1.207711E+01
9.415380E+00
6.123682E+00
4.094362E+01
4.141902E+01
4.213796E+01
4.300860E+01
4.396948E+01
4.497202E+01
4.597402E+01
4.693629E+01
4.782039E+01
4.858675E+01
4.919267E+01
4.958968E+01
4.971934E+01
4.950555E+01
4.883687E+01
4.751033E+01
4.480738E+01
4.182200E+01
3.883426E+01
3.594323E+01
3.318171E+01
3.055347E+01
2.804863E+01
2.565045E+01
2.333827E+01
2.108820E+01
1.887232E+01
1.665600E+01
1.439199E+01
1.200644E+01
9.359573E+00
6.086989E+00
4.069105E+01
4.116763E+01
4.188821E+01
4.276085E+01
4.372403E+01
4.472915E+01
4.573402E+01
4.669943E+01
4.758696E+01
4.835706E+01
4.896702E+01
4.936838E+01
4.950273E+01
4.929397E+01
4.863066E+01
4.730985E+01
4.461298E+01
4.163406E+01
3.865314E+01
3.576931E+01
3.301538E+01
3.039514E+01
2.789870E+01
2.550936E+01
2.320650E+01
2.096627E+01
1.876084E+01
1.655572E+01
1.430387E+01
1.193184E+01
9.300677E+00
6.048276E+00
4.042443E+01
4.090226E+01
4.162459E+01
4.249933E+01
4.346493E+01
4.447277E+01
4.548063E+01
4.644934E+01
4.734047E+01
4.811447E+01
4.872867E+01
4.913461E+01
4.927389E+01
4.907042E+01
4.841277E+01
4.709799E+01
4.440756E+01
4.143545E+01
3.846175E+01
3.558555E+01
3.283965E+01
3.022787E+01
2.774033E+01
2.536036E+01
2.306735E+01
2.083755E+01
1.864318E+01
1.644991E+01
1.421090E+01
1.185315E+01
9.238574E+00
6.007467E+00
4.014318E+01
4.062233E+01
4.134650E+01
4.222347E+01
4.319161E+01
4.420228E+01
4.521329E+01
4.618544E+01
4.708033E+01
4.785842E+01
4.847706E+01
4.888780E+01
4.903225E+01
4.883434E+01
4.818266E+01
4.687425E+01
4.419060E+01
4.122569E+01
3.825963E+01
3.539148E+01
3.265409E+01
3.005126E+01
2.757314E+01
2.520308E+01
2.292052E+01
2.070173E+01
1.851907E+01
1.633831E+01
1.411289E+01
1.177022E+01
9.173139E+00
5.964480E+00
3.984666E+01
4.032722E+01
4.105334E+01
4.193264E+01
4.290343E+01
4.391708E+01
4.493136E+01
4.590710E+01
4.680591E+01
4.758828E+01
4.821157E+01
4.862733E+01
4.877721E+01
4.858515E+01
4.793974E+01
4.663804E+01
4.396154E+01
4.100424E+01
3.804624E+01
3.518663E+01
3.245823E+01
2.986488E+01
2.739673E+01
2.503716E+01
2.276564E+01
2.055852E+01
1.838823E+01
1.622070E+01
1.400962E+01
1.168286E+01
9.104234E+00
5.919229E+00
3.953419E+01
4.001625E+01
4.074443E+01
4.162617E+01
4.259974E+01
4.361648E+01
4.463417E+01
4.561365E+01
4.651655E+01
4.730338E+01
4.793152E+01
4.835254E+01
4.850811E+01
4.832219E+01
4.768337E+01
4.638874E+01
4.371979E+01
4.077053E+01
3.782105E+01
3.497045E+01
3.225157E+01
2.966824E+01
2.721065E+01
2.486217E+01
2.260234E+01
2.040756E+01
1.825035E+01
1.609680E+01
1.390086E+01
1.159089E+01
9.031715E+00
5.871621E+00
3.920504E+01
3.968870E+01
4.041904E+01
4.130334E+01
4.227982E+01
4.329977E+01
4.432100E+01
4.530437E+01
4.621152E+01
4.700299E+01
4.763618E+01
4.806271E+01
4.822424E+01
4.804475E+01
4.741287E+01
4.612569E+01
4.346470E+01
4.052391E+01
3.758343E+01
3.474237E+01
3.203356E+01
2.946084E+01
2.701441E+01
2.467769E+01
2.243023E+01
2.024849E+01
1.810510E+01
1.596632E+01
1.378637E+01
1.149411E+01
8.955428E+00
5.821557E+00
3.885843E+01
3.934379E+01
4.007641E+01
4.096339E+01
4.194287E+01
4.296616E+01
4.399106E+01
4.497845E+01
4.589001E+01
4.668631E+01
4.732477E+01
4.775703E+01
4.792480E+01
4.775207E+01
4.712748E+01
4.584813E+01
4.319553E+01
4.026370E+01
3.733274E+01
3.450176E+01
3.180361E+01
2.924212E+01
2.680752E+01
2.448323E+01
2.224885E+01
2.008091E+01
1.795214E+01
1.582896E+01
1.366588E+01
1.139230E+01
8.875208E+00
5.768933E+00
3.849353E+01
3.898068E+01
3.971570E+01
4.060547E+01
4.158807E+01
4.261481E+01
4.364350E+01
4.463505E+01
4.555117E+01
4.635247E+01
4.699641E+01
4.743466E+01
4.760895E+01
4.744330E+01
4.682637E+01
4.555527E+01
4.291152E+01
3.998914E+01
3.706825E+01
3.424794E+01
3.156107E+01
2.901148E+01
2.658939E+01
2.427827E+01
2.205774E+01
1.990440E+01
1.779108E+01
1.568438E+01
1.353911E+01
1.128522E+01
8.790877E+00
5.713636E+00
3.810943E+01
3.859848E+01
3.933600E+01
4.022867E+01
4.121451E+01
4.224480E+01
4.327739E+01
4.427323E+01
4.519406E+01
4.600053E+01
4.665016E+01
4.709464E+01
4.727575E+01
4.711752E+01
4.650864E+01
4.524623E+01
4.261181E+01
3.969943E+01
3.678917E+01
3.398016E+01
3.130523E+01
2.876825E+01
2.635943E+01
2.406225E+01
2.185639E+01
1.971850E+01
1.762152E+01
1.553223E+01
1.340576E+01
1.117264E+01
8.702247E+00
5.655547E+00
3.770516E+01
3.819622E+01
3.893636E+01
3.983204E+01
4.082120E+01
4.185514E+01
4.289173E+01
4.389196E+01
4.481764E+01
4.562946E+01
4.628497E+01
4.673595E+01
4.692417E+01
4.677372E+01
4.617329E+01
4.492003E+01
4.229547E+01
3.939364E+01
3.649465E+01
3.369760E+01
3.103534E+01
2.851172E+01
2.611696E+01
2.383457E+01
2.164424E+01
1.952271E+01
1.744301E+01
1.537213E+01
1.326551E+01
1.105428E+01
8.609116E+00
5.594538E+00
3.727967E+01
3.777286E+01
3.851573E+01
3.941451E+01
4.040708E+01
4.144474E+01
4.248541E+01
4.349014E+01
4.442079E+01
4.523811E+01
4.589973E+01
4.635745E+01
4.655309E+01
4.641078E+01
4.581924E+01
4.457562E+01
4.196146E+01
3.907080E+01
3.618375E+01
3.339938E+01
3.075055E+01
2.824110E+01
2.586126E+01
2.359455E+01
2.142070E+01
1.931649E+01
1.725509E+01
1.520366E+01
1.311800E+01
1.092986E+01
8.511270E+00
5.530473E+00
3.683182E+01
3.732726E+01
3.807298E+01
3.897494E+01
3.997098E+01
4.101243E+01
4.205724E+01
4.306655E+01
4.400227E+01
4.482525E+01
4.549317E+01
4.595788E+01
4.616127E+01
4.602749E+01
4.544528E+01
4.421182E+01
4.160866E+01
3.872983E+01
3.585542E+01
3.308452E+01
3.044995E+01
2.795555E+01
2.559156E+01
2.334148E+01
2.118510E+01
1.909926E+01
1.705723E+01
1.502638E+01
1.296286E+01
1.079908E+01
8.408478E+00
5.463209E+00
3.636041E+01
3.685821E+01
3.760687E+01
3.851209E+01
3.951165E+01
4.055691E+01
4.160591E+01
4.261984E+01
4.356074E+01
4.438951E+01
4.506391E+01
4.553588E+01
4.574734E+01
4.562248E+01
4.505009E+01
4.382736E+01
4.123583E+01
3.836953E+01
3.550854E+01
3.275194E+01
3.013253E+01
2.765414E+01
2.530698E+01
2.307458E+01
2.093675E+01
1.887038E+01
1.684888E+01
1.483981E+01
1.279968E+01
1.066161E+01
8.300494E+00
5.392590E+00
3.586412E+01
3.636440E+01
3.711609E+01
3.802461E+01
3.902771E+01
4.007678E+01
4.112997E+01
4.214856E+01
4.309468E+01
4.392936E+01
4.461043E+01
4.508990E+01
4.530977E+01
4.519427E+01
4.463221E+01
4.342079E+01
4.084157E+01
3.798857E+01
3.514186E+01
3.240046E+01
2.979719E+01
2.733582E+01
2.500658E+01
2.279299E+01
2.067487E+01
1.862918E+01
1.662944E+01
1.464343E+01
1.262804E+01
1.051711E+01
8.187056E+00
5.318453E+00
3.534151E+01
3.584439E+01
3.659919E+01
3.751103E+01
3.851764E+01
3.957050E+01
4.062783E+01
4.165107E+01
4.260246E+01
4.344313E+01
4.413104E+01
4.461827E+01
4.484690E+01
4.474119E+01
4.419000E+01
4.299055E+01
4.042438E+01
3.758551E+01
3.475397E+01
3.202879E+01
2.944270E+01
2.699949E+01
2.468934E+01
2.249577E+01
2.039861E+01
1.837490E+01
1.639826E+01
1.443669E+01
1.244746E+01
1.036518E+01
8.067880E+00
5.240621E+00
3.479104E+01
3.529664E+01
3.605459E+01
3.696974E+01
3.797981E+01
3.903635E+01
4.009775E+01
4.112557E+01
4.208222E+01
4.292896E+01
4.362385E+01
4.411909E+01
4.435683E+01
4.426139E+01
4.372166E+01
4.253486E+01
3.998255E+01
3.715871E+01
3.434336E+01
3.163546E+01
2.906774E+01
2.664390E+01
2.435412E+01
2.218190E+01
2.010708E+01
1.810674E+01
1.615463E+01
1.421896E+01
1.225744E+01
1.020544E+01
7.942665E+00
5.158908E+00
3.421102E+01
3.471945E+01
3.548058E+01
3.639898E+01
3.741238E+01
3.847246E+01
3.953778E+01
4.057007E+01
4.153192E+01
4.238475E+01
4.308676E+01
4.359026E+01
4.383747E+01
4.375279E+01
4.322514E+01
4.205176E+01
3.951418E+01
3.670638E+01
3.390831E+01
3.121890E+01
2.867080E+01
2.626768E+01
2.399967E+01
2.185025E+01
1.979924E+01
1.782380E+01
1.589777E+01
1.398961E+01
1.205744E+01
1.003743E+01
7.811087E+00
5.073113E+00
3.359962E+01
3.411097E+01
3.487527E+01
3.579680E+01
3.681333E+01
3.787674E+01
3.894575E+01
3.998233E+01
4.094928E+01
4.180818E+01
4.251741E+01
4.302939E+01
4.328645E+01
4.321306E+01
4.269817E+01
4.153903E+01
3.901716E+01
3.622648E+01
3.344691E+01
3.077729E+01
2.825023E+01
2.586932E+01
2.362462E+01
2.149957E+01
1.947401E+01
1.752511E+01
1.562686E+01
1.374791E+01
1.184685E+01
9.860700E+00
7.672796E+00
4.983021E+00
3.295483E+01
3.346919E+01
3.423659E+01
3.516105E+01
3.618045E+01
3.724685E+01
3.831924E+01
3.935986E+01
4.033171E+01
4.119663E+01
4.191314E+01
4.243382E+01
4.270113E+01
4.263958E+01
4.213818E+01
4.099418E+01
3.848908E+01
3.571674E+01
3.295701E+01
3.030866E+01
2.780419E+01
2.544712E+01
2.322742E+01
2.112850E+01
1.913016E+01
1.720961E+01
1.534095E+01
1.349309E+01
1.162503E+01
9.674726E+00
7.527414E+00
4.888401E+00
3.227445E+01
3.279187E+01
3.356225E+01
3.448937E+01
3.551123E+01
3.658019E+01
3.765555E+01
3.869983E+01
3.967633E+01
4.054711E+01
4.127093E+01
4.180053E+01
4.207847E+01
4.202937E+01
4.154226E+01
4.041440E+01
3.792724E+01
3.517460E+01
3.243621E+01
2.981076E+01
2.733062E+01
2.499920E+01
2.280639E+01
2.073550E+01
1.876634E+01
1.687612E+01
1.503904E+01
1.322427E+01
1.139129E+01
9.478954E+00
7.374533E+00
4.789003E+00
3.155606E+01
3.207656E+01
3.284971E+01
3.377908E+01
3.480289E+01
3.587384E+01
3.695161E+01
3.799906E+01
3.897984E+01
3.985628E+01
4.058738E+01
4.112606E+01
4.141504E+01
4.137903E+01
4.090709E+01
3.979646E+01
3.732858E+01
3.459714E+01
3.188178E+01
2.928105E+01
2.682718E+01
2.452344E+01
2.235960E+01
2.031889E+01
1.838105E+01
1.652332E+01
1.472001E+01
1.294053E+01
1.114484E+01
9.272775E+00
7.213708E+00
4.684558E+00
3.079699E+01
3.132054E+01
3.209614E+01
3.302720E+01
3.405228E+01
3.512448E+01
3.620393E+01
3.725393E+01
3.823848E+01
3.912027E+01
3.985855E+01
4.040648E+01
4.070691E+01
4.068466E+01
4.022885E+01
3.913670E+01
3.668956E+01
3.398103E+01
3.129061E+01
2.871665E+01
2.629123E+01
2.401745E+01
2.188492E+01
1.987675E+01
1.797262E+01
1.614978E+01
1.438262E+01
1.264081E+01
1.088483E+01
9.055519E+00
7.044449E+00
4.574772E+00
2.999424E+01
3.052076E+01
3.129834E+01
3.223038E+01
3.325583E+01
3.432833E+01
3.540855E+01
3.646028E+01
3.744796E+01
3.833466E+01
3.907994E+01
3.963721E+01
3.994951E+01
3.994177E+01
3.950315E+01
3.843085E+01
3.600613E+01
3.332245E+01
3.065912E+01
2.811429E+01
2.571980E+01
2.347853E+01
2.137993E+01
1.940695E+01
1.753917E+01
1.575385E+01
1.402547E+01
1.232395E+01
1.061032E+01
8.826440E+00
6.866218E+00
4.459319E+00
2.914448E+01
2.967378E+01
3.045273E+01
3.138479E+01
3.240946E+01
3.348107E+01
3.456090E+01
3.561333E+01
3.660331E+01
3.749433E+01
3.824632E+01
3.881298E+01
3.913756E+01
3.914512E+01
3.872487E+01
3.767397E+01
3.527358E+01
3.261697E+01
2.998321E+01
2.747017E+01
2.510942E+01
2.290359E+01
2.084188E+01
1.890705E+01
1.707859E+01
1.533370E+01
1.364700E+01
1.198865E+01
1.032022E+01
8.584707E+00
6.678411E+00
4.337840E+00
2.824394E+01
2.877574E+01
2.955519E+01
3.048602E+01
3.150848E+01
3.257768E+01
3.365568E+01
3.470753E+01
3.569874E+01
3.659330E+01
3.735157E+01
3.792758E+01
3.826483E+01
3.828854E+01
3.788797E+01
3.686026E+01
3.448639E+01
3.185940E+01
2.925806E+01
2.677991E+01
2.445615E+01
2.228908E+01
2.026760E+01
1.837427E+01
1.658843E+01
1.488725E+01
1.324542E+01
1.163340E+01
1.001334E+01
8.329372E+00
6.480346E+00
4.209931E+00
2.728832E+01
2.782216E+01
2.860097E+01
2.952897E+01
3.054739E+01
3.161233E+01
3.268671E+01
3.373636E+01
3.472746E+01
3.562455E+01
3.638848E+01
3.697367E+01
3.732395E+01
3.736472E+01
3.698532E+01
3.598282E+01
3.363800E+01
3.104362E+01
2.847804E+01
2.603836E+01
2.375534E+01
2.163086E+01
1.965346E+01
1.780543E+01
1.606593E+01
1.441208E+01
1.281869E+01
1.125649E+01
9.688261E+00
8.059347E+00
6.271241E+00
4.075127E+00
2.627265E+01
2.680788E+01
2.758453E+01
2.850766E+01
2.951976E+01
3.057812E+01
3.164668E+01
3.269213E+01
3.368140E+01
3.457969E+01
3.534841E+01
3.594248E+01
3.630607E+01
3.636487E+01
3.600830E+01
3.503335E+01
3.272057E+01
3.016231E+01
2.763642E+01
2.523943E+01
2.300154E+01
2.092409E+01
1.899518E+01
1.719677E+01
1.550782E+01
1.390540E+01
1.236441E+01
1.085593E+01
9.343361E+00
7.773354E+00
6.050176E+00
3.932889E+00
2.519112E+01
2.572681E+01
2.649929E+01
2.741496E+01
2.841790E+01
2.946682E+01
3.052684E+01
3.156561E+01
3.255090E+01
3.344866E+01
3.422097E+01
3.482334E+01
3.520043E+01
3.527826E+01
3.494640E+01
3.400174E+01
3.172454E+01
2.920659E+01
2.672510E+01
2.437584E+01
2.218826E+01
2.016304E+01
1.828774E+01
1.654391E+01
1.491030E+01
1.336390E+01
1.187975E+01
1.042931E+01
8.976677E+00
7.469861E+00
5.816050E+00
3.782570E+00
2.403678E+01
2.457161E+01
2.533730E+01
2.624221E+01
2.723247E+01
2.826844E+01
2.931658E+01
3.034559E+01
3.132417E+01
3.221913E+01
3.299336E+01
3.360312E+01
3.399372E+01
3.409161E+01
3.378658E+01
3.287546E+01
3.063808E+01
2.816555E+01
2.573415E+01
2.343868E+01
2.130761E+01
1.934078E+01
1.752506E+01
1.584156E+01
1.426874E+01
1.278359E+01
1.136129E+01
9.973731E+00
8.585812E+00
7.146982E+00
5.567505E+00
3.623377E+00
2.280115E+01
2.333330E+01
2.408873E+01
2.497870E+01
2.595193E+01
2.697068E+01
2.800281E+01
2.901820E+01
2.998657E+01
3.087575E+01
3.164960E+01
3.226534E+01
3.266912E+01
3.278808E+01
3.251233E+01
3.163863E+01
2.944628E+01
2.702546E+01
2.465120E+01
2.241695E+01
2.034991E+01
1.844883E+01
1.669976E+01
1.508325E+01
1.357753E+01
1.215955E+01
1.080477E+01
9.485567E+00
8.167746E+00
6.802325E+00
5.302813E+00
3.454303E+00
2.147361E+01
2.200048E+01
2.274110E+01
2.361087E+01
2.456169E+01
2.555796E+01
2.656901E+01
2.756592E+01
2.851958E+01
2.939898E+01
3.016923E+01
3.078879E+01
3.120499E+01
3.134589E+01
3.110220E+01
3.027066E+01
2.812988E+01
2.576871E+01
2.346045E+01
2.129670E+01
1.930295E+01
1.747654E+01
1.580254E+01
1.426090E+01
1.282957E+01
1.148559E+01
1.020477E+01
8.960142E+00
7.718553E+00
6.432754E+00
5.019693E+00
3.274020E+00
2.004032E+01
2.055825E+01
2.127801E+01
2.212094E+01
2.304276E+01
2.401008E+01
2.499369E+01
2.596593E+01
2.689897E+01
2.776322E+01
2.852535E+01
2.914547E+01
2.957251E+01
2.973600E+01
2.952755E+01
2.874406E+01
2.666323E+01
2.437201E+01
2.214121E+01
2.005979E+01
1.815092E+01
1.641018E+01
1.482144E+01
1.336401E+01
1.201564E+01
1.075358E+01
9.554141E+00
8.391226E+00
7.232935E+00
6.033981E+00
4.715006E+00
3.080704E+00
1.848254E+01
1.898622E+01
1.967704E+01
2.048478E+01
2.136948E+01
2.229981E+01
2.324790E+01
2.418738E+01
2.509191E+01
2.593365E+01
2.668125E+01
2.729698E+01
2.773209E+01
2.791823E+01
2.774865E+01
2.702071E+01
2.501095E+01
2.280349E+01
2.066537E+01
1.868172E+01
1.687259E+01
1.523130E+01
1.374036E+01
1.237844E+01
1.112326E+01
9.952434E+00
8.843053E+00
7.770157E+00
6.703425E+00
5.599880E+00
4.384212E+00
2.871714E+00
1.677332E+01
1.725480E+01
1.790585E+01
1.866795E+01
1.950545E+01
2.038855E+01
2.129050E+01
2.218634E+01
2.305157E+01
2.386052E+01
2.458437E+01
2.518827E+01
2.562664E+01
2.583442E+01
2.570771E+01
2.504517E+01
2.312186E+01
2.101744E+01
1.899296E+01
1.712790E+01
1.543800E+01
1.391384E+01
1.253647E+01
1.128407E+01
1.013454E+01
9.066197E+00
8.057246E+00
7.084256E+00
6.118951E+00
5.121204E+00
4.020343E+00
2.642977E+00
1.487097E+01
1.531777E+01
1.591452E+01
1.661802E+01
1.739546E+01
1.821758E+01
1.905871E+01
1.989569E+01
2.070636E+01
2.146781E+01
2.215441E+01
2.273505E+01
2.316853E+01
2.339482E+01
2.331509E+01
2.273130E+01
2.091694E+01
1.894400E+01
1.706340E+01
1.534601E+01
1.380182E+01
1.241823E+01
1.117495E+01
1.005001E+01
9.021933E+00
8.070186E+00
7.174564E+00
6.313689E+00
5.461981E+00
4.583028E+00
3.611888E+00
2.387691E+00
1.270359E+01
1.309496E+01
1.361852E+01
1.424712E+01
1.494669E+01
1.568772E+01
1.644626E+01
1.720183E+01
1.793535E+01
1.862740E+01
1.925631E+01
1.979572E+01
2.021034E+01
2.044771E+01
2.041814E+01
1.993193E+01
1.826229E+01
1.646607E+01
1.477568E+01
1.324880E+01
1.188809E+01
1.067776E+01
9.596742E+00
8.623643E+00
7.738344E+00
6.922126E+00
6.157011E+00
5.424353E+00
4.702137E+00
3.958997E+00
3.137841E+00
2.093111E+00
1.012451E+01
1.042416E+01
1.085221E+01
1.138276E+01
1.197522E+01
1.260162E+01
1.324182E+01
1.387943E+01
1.449954E+01
1.508704E+01
1.562514E+01
1.609337E+01
1.646421E+01
1.669612E+01
1.671561E+01
1.635432E+01
1.489469E+01
1.335569E+01
1.193323E+01
1.066546E+01
9.547031E+00
8.560001E+00
7.684006E+00
6.899638E+00
6.189332E+00
5.537222E+00
4.928461E+00
4.348037E+00
3.778608E+00
3.195700E+00
2.553950E+00
1.730807E+00
6.724718E+00
6.878181E+00
7.183903E+00
7.566251E+00
7.988469E+00
8.431567E+00
8.882686E+00
9.331477E+00
9.768494E+00
1.018416E+01
1.056784E+01
1.090655E+01
1.118294E+01
1.137077E+01
1.142309E+01
1.122469E+01
1.013024E+01
9.022255E+00
8.022984E+00
7.146231E+00
6.381213E+00
5.711610E+00
5.121172E+00
4.595310E+00
4.121307E+00
3.688005E+00
3.285257E+00
2.903103E+00
2.530419E+00
2.151994E+00
1.739982E+00
1.214998E+00
