0 0 4e+06
1 0 4e+06
2 0 4e+06
3 0 4e+06
4 0 4e+06
5 0 4e+06
6 0 4e+06
7 0 4e+06
8 0 5e+06
9 0 5e+06
10 0 5e+06
11 0 5e+06
12 0 4e+06
13 0 4e+06
14 0 3e+06
15 0 3e+06
16 0 3e+06
17 0 3e+06
18 0 3e+06
19 0 3e+06
20 0 3e+06
21 0 2e+06
22 0 2e+06
23 0 2e+06
24 0 2e+06
25 0 2e+06
26 0 2e+06
27 0 1e+06
28 0 1e+06
29 0 1e+06
30 0 1e+06
31 0 9e+05
32 0 1e+06
33 0 1e+06
34 0 2e+06
35 0 2e+06
36 0 3e+06
37 0 3e+06
38 0 3e+06
39 0 3e+06
40 0 3e+06
41 0 3e+06
42 0 3e+06
43 0 3e+06
44 0 3e+06
45 0 3e+06
46 0 3e+06
47 0 3e+06
48 0 3e+06
49 0 3e+06
50 0 3e+06
51 0 3e+06
52 0 3e+06
53 0 3e+06
54 0 3e+06
55 0 3e+06
56 0 3e+06
57 0 3e+06
58 0 4e+06
59 0 3e+06
60 0 3e+06
61 0 3e+06
62 0 3e+06
63 0 3e+06
64 0 3e+06
65 0 3e+06
66 0 3e+06
67 0 2e+06
68 0 2e+06
69 0 2e+06
70 0 3e+06
71 0 3e+06
72 0 3e+06
73 0 3e+06
74 0 3e+06
75 0 3e+06
76 0 3e+06
77 0 3e+06
78 0 3e+06
79 0 3e+06
80 0 3e+06
81 0 2e+06
82 0 2e+06
83 0 3e+06
84 0 2e+06
85 0 3e+06
86 0 3e+06
87 0 3e+06
88 0 2e+06
89 0 2e+06
90 0 2e+06
91 0 3e+06
92 0 3e+06
93 0 3e+06
94 0 3e+06
95 0 3e+06
96 0 3e+06
97 0 3e+06
98 0 3e+06
99 0 3e+06
100 0 3e+06
101 0 3e+06
102 0 2e+06
103 0 2e+06
104 0 2e+06
105 0 2e+06
106 0 2e+06
107 0 3e+06
108 0 3e+06
109 0 3e+06
110 0 3e+06
111 0 3e+06
112 0 3e+06
113 0 3e+06
114 0 3e+06
115 0 3e+06
116 0 3e+06
117 0 3e+06
118 0 3e+06
119 0 4e+06
120 0 4e+06
121 0 4e+06
122 0 4e+06
123 0 4e+06
124 0 4e+06
125 0 4e+06
126 0 4e+06
127 0 4e+06
0 1 4e+06
1 1 4e+06
2 1 4e+06
3 1 4e+06
4 1 4e+06
5 1 4e+06
6 1 4e+06
7 1 4e+06
8 1 4e+06
9 1 4e+06
10 1 4e+06
11 1 4e+06
12 1 4e+06
13 1 4e+06
14 1 4e+06
15 1 3e+06
16 1 3e+06
17 1 3e+06
18 1 3e+06
19 1 3e+06
20 1 3e+06
21 1 2e+06
22 1 2e+06
23 1 2e+06
24 1 2e+06
25 1 2e+06
26 1 2e+06
27 1 2e+06
28 1 1e+06
29 1 1e+06
30 1 2e+06
31 1 1e+06
32 1 1e+06
33 1 1e+06
34 1 2e+06
35 1 2e+06
36 1 2e+06
37 1 3e+06
38 1 2e+06
39 1 3e+06
40 1 3e+06
41 1 3e+06
42 1 3e+06
43 1 3e+06
44 1 3e+06
45 1 3e+06
46 1 3e+06
47 1 3e+06
48 1 3e+06
49 1 3e+06
50 1 3e+06
51 1 3e+06
52 1 3e+06
53 1 3e+06
54 1 3e+06
55 1 3e+06
56 1 3e+06
57 1 4e+06
58 1 4e+06
59 1 3e+06
60 1 3e+06
61 1 3e+06
62 1 3e+06
63 1 3e+06
64 1 3e+06
65 1 3e+06
66 1 3e+06
67 1 3e+06
68 1 2e+06
69 1 3e+06
70 1 3e+06
71 1 3e+06
72 1 3e+06
73 1 3e+06
74 1 3e+06
75 1 3e+06
76 1 3e+06
77 1 3e+06
78 1 3e+06
79 1 3e+06
80 1 3e+06
81 1 2e+06
82 1 2e+06
83 1 2e+06
84 1 2e+06
85 1 2e+06
86 1 2e+06
87 1 2e+06
88 1 2e+06
89 1 2e+06
90 1 2e+06
91 1 3e+06
92 1 3e+06
93 1 3e+06
94 1 3e+06
95 1 3e+06
96 1 3e+06
97 1 3e+06
98 1 3e+06
99 1 2e+06
100 1 2e+06
101 1 2e+06
102 1 2e+06
103 1 2e+06
104 1 3e+06
105 1 3e+06
106 1 3e+06
107 1 3e+06
108 1 3e+06
109 1 3e+06
110 1 3e+06
111 1 3e+06
112 1 3e+06
113 1 3e+06
114 1 4e+06
115 1 3e+06
116 1 3e+06
117 1 3e+06
118 1 3e+06
119 1 4e+06
120 1 4e+06
121 1 4e+06
122 1 4e+06
123 1 4e+06
124 1 4e+06
125 1 4e+06
126 1 3e+06
127 1 4e+06
0 2 5e+06
1 2 5e+06
2 2 4e+06
3 2 4e+06
4 2 4e+06
5 2 4e+06
6 2 4e+06
7 2 4e+06
8 2 4e+06
9 2 4e+06
10 2 4e+06
11 2 4e+06
12 2 4e+06
13 2 4e+06
14 2 4e+06
15 2 3e+06
16 2 3e+06
17 2 3e+06
18 2 3e+06
19 2 3e+06
20 2 3e+06
21 2 3e+06
22 2 2e+06
23 2 2e+06
24 2 2e+06
25 2 2e+06
26 2 2e+06
27 2 2e+06
28 2 1e+06
29 2 1e+06
30 2 2e+06
31 2 2e+06
32 2 2e+06
33 2 1e+06
34 2 2e+06
35 2 2e+06
36 2 3e+06
37 2 3e+06
38 2 2e+06
39 2 3e+06
40 2 3e+06
41 2 3e+06
42 2 3e+06
43 2 3e+06
44 2 3e+06
45 2 3e+06
46 2 3e+06
47 2 3e+06
48 2 3e+06
49 2 3e+06
50 2 3e+06
51 2 3e+06
52 2 3e+06
53 2 3e+06
54 2 3e+06
55 2 3e+06
56 2 3e+06
57 2 4e+06
58 2 4e+06
59 2 4e+06
60 2 3e+06
61 2 3e+06
62 2 3e+06
63 2 3e+06
64 2 3e+06
65 2 3e+06
66 2 3e+06
67 2 3e+06
68 2 3e+06
69 2 3e+06
70 2 3e+06
71 2 3e+06
72 2 3e+06
73 2 3e+06
74 2 3e+06
75 2 3e+06
76 2 3e+06
77 2 3e+06
78 2 3e+06
79 2 3e+06
80 2 2e+06
81 2 2e+06
82 2 2e+06
83 2 2e+06
84 2 2e+06
85 2 2e+06
86 2 2e+06
87 2 2e+06
88 2 2e+06
89 2 2e+06
90 2 2e+06
91 2 2e+06
92 2 3e+06
93 2 3e+06
94 2 3e+06
95 2 3e+06
96 2 2e+06
97 2 2e+06
98 2 2e+06
99 2 2e+06
100 2 2e+06
101 2 2e+06
102 2 2e+06
103 2 2e+06
104 2 3e+06
105 2 3e+06
106 2 3e+06
107 2 3e+06
108 2 3e+06
109 2 3e+06
110 2 3e+06
111 2 3e+06
112 2 3e+06
113 2 3e+06
114 2 3e+06
115 2 3e+06
116 2 3e+06
117 2 3e+06
118 2 3e+06
119 2 4e+06
120 2 4e+06
121 2 4e+06
122 2 4e+06
123 2 4e+06
124 2 4e+06
125 2 4e+06
126 2 4e+06
127 2 4e+06
0 3 5e+06
1 3 5e+06
2 3 4e+06
3 3 4e+06
4 3 4e+06
5 3 4e+06
6 3 4e+06
7 3 4e+06
8 3 4e+06
9 3 4e+06
10 3 4e+06
11 3 4e+06
12 3 4e+06
13 3 4e+06
14 3 4e+06
15 3 4e+06
16 3 3e+06
17 3 3e+06
18 3 3e+06
19 3 2e+06
20 3 3e+06
21 3 3e+06
22 3 2e+06
23 3 2e+06
24 3 2e+06
25 3 2e+06
26 3 2e+06
27 3 2e+06
28 3 1e+06
29 3 1e+06
30 3 2e+06
31 3 2e+06
32 3 2e+06
33 3 2e+06
34 3 2e+06
35 3 2e+06
36 3 3e+06
37 3 3e+06
38 3 3e+06
39 3 3e+06
40 3 3e+06
41 3 3e+06
42 3 3e+06
43 3 3e+06
44 3 3e+06
45 3 3e+06
46 3 3e+06
47 3 3e+06
48 3 3e+06
49 3 4e+06
50 3 4e+06
51 3 4e+06
52 3 4e+06
53 3 3e+06
54 3 3e+06
55 3 3e+06
56 3 4e+06
57 3 4e+06
58 3 4e+06
59 3 4e+06
60 3 3e+06
61 3 3e+06
62 3 3e+06
63 3 3e+06
64 3 3e+06
65 3 3e+06
66 3 3e+06
67 3 3e+06
68 3 3e+06
69 3 3e+06
70 3 3e+06
71 3 3e+06
72 3 3e+06
73 3 3e+06
74 3 3e+06
75 3 3e+06
76 3 3e+06
77 3 3e+06
78 3 3e+06
79 3 3e+06
80 3 2e+06
81 3 2e+06
82 3 2e+06
83 3 2e+06
84 3 2e+06
85 3 2e+06
86 3 2e+06
87 3 2e+06
88 3 2e+06
89 3 2e+06
90 3 2e+06
91 3 2e+06
92 3 3e+06
93 3 3e+06
94 3 3e+06
95 3 3e+06
96 3 3e+06
97 3 3e+06
98 3 2e+06
99 3 2e+06
100 3 2e+06
101 3 2e+06
102 3 2e+06
103 3 2e+06
104 3 3e+06
105 3 3e+06
106 3 3e+06
107 3 3e+06
108 3 3e+06
109 3 3e+06
110 3 3e+06
111 3 3e+06
112 3 3e+06
113 3 3e+06
114 3 3e+06
115 3 3e+06
116 3 3e+06
117 3 3e+06
118 3 3e+06
119 3 4e+06
120 3 4e+06
121 3 4e+06
122 3 4e+06
123 3 4e+06
124 3 4e+06
125 3 4e+06
126 3 4e+06
127 3 5e+06
0 4 5e+06
1 4 5e+06
2 4 4e+06
3 4 4e+06
4 4 4e+06
5 4 4e+06
6 4 4e+06
7 4 4e+06
8 4 4e+06
9 4 4e+06
10 4 4e+06
11 4 4e+06
12 4 4e+06
13 4 4e+06
14 4 4e+06
15 4 3e+06
16 4 3e+06
17 4 3e+06
18 4 3e+06
19 4 2e+06
20 4 3e+06
21 4 2e+06
22 4 2e+06
23 4 2e+06
24 4 2e+06
25 4 2e+06
26 4 2e+06
27 4 1e+06
28 4 1e+06
29 4 2e+06
30 4 2e+06
31 4 2e+06
32 4 2e+06
33 4 2e+06
34 4 2e+06
35 4 2e+06
36 4 3e+06
37 4 3e+06
38 4 3e+06
39 4 3e+06
40 4 3e+06
41 4 3e+06
42 4 3e+06
43 4 3e+06
44 4 3e+06
45 4 3e+06
46 4 3e+06
47 4 3e+06
48 4 4e+06
49 4 4e+06
50 4 4e+06
51 4 4e+06
52 4 4e+06
53 4 4e+06
54 4 3e+06
55 4 3e+06
56 4 4e+06
57 4 4e+06
58 4 4e+06
59 4 4e+06
60 4 3e+06
61 4 3e+06
62 4 3e+06
63 4 3e+06
64 4 3e+06
65 4 3e+06
66 4 3e+06
67 4 3e+06
68 4 3e+06
69 4 3e+06
70 4 4e+06
71 4 4e+06
72 4 4e+06
73 4 3e+06
74 4 3e+06
75 4 3e+06
76 4 3e+06
77 4 3e+06
78 4 3e+06
79 4 3e+06
80 4 3e+06
81 4 2e+06
82 4 2e+06
83 4 2e+06
84 4 2e+06
85 4 2e+06
86 4 2e+06
87 4 2e+06
88 4 2e+06
89 4 2e+06
90 4 2e+06
91 4 3e+06
92 4 3e+06
93 4 3e+06
94 4 3e+06
95 4 3e+06
96 4 3e+06
97 4 3e+06
98 4 3e+06
99 4 2e+06
100 4 2e+06
101 4 2e+06
102 4 2e+06
103 4 3e+06
104 4 3e+06
105 4 3e+06
106 4 3e+06
107 4 3e+06
108 4 3e+06
109 4 3e+06
110 4 3e+06
111 4 3e+06
112 4 3e+06
113 4 3e+06
114 4 3e+06
115 4 3e+06
116 4 4e+06
117 4 3e+06
118 4 3e+06
119 4 4e+06
120 4 4e+06
121 4 4e+06
122 4 4e+06
123 4 4e+06
124 4 4e+06
125 4 4e+06
126 4 5e+06
127 4 5e+06
0 5 4e+06
1 5 4e+06
2 5 4e+06
3 5 4e+06
4 5 4e+06
5 5 4e+06
6 5 4e+06
7 5 4e+06
8 5 4e+06
9 5 4e+06
10 5 4e+06
11 5 4e+06
12 5 4e+06
13 5 4e+06
14 5 4e+06
15 5 3e+06
16 5 3e+06
17 5 3e+06
18 5 3e+06
19 5 2e+06
20 5 2e+06
21 5 2e+06
22 5 2e+06
23 5 2e+06
24 5 2e+06
25 5 1e+06
26 5 1e+06
27 5 2e+06
28 5 2e+06
29 5 2e+06
30 5 2e+06
31 5 2e+06
32 5 2e+06
33 5 2e+06
34 5 2e+06
35 5 2e+06
36 5 3e+06
37 5 3e+06
38 5 3e+06
39 5 3e+06
40 5 3e+06
41 5 3e+06
42 5 3e+06
43 5 4e+06
44 5 3e+06
45 5 4e+06
46 5 4e+06
47 5 4e+06
48 5 4e+06
49 5 4e+06
50 5 4e+06
51 5 4e+06
52 5 4e+06
53 5 4e+06
54 5 4e+06
55 5 4e+06
56 5 4e+06
57 5 4e+06
58 5 4e+06
59 5 4e+06
60 5 4e+06
61 5 4e+06
62 5 4e+06
63 5 3e+06
64 5 3e+06
65 5 3e+06
66 5 4e+06
67 5 3e+06
68 5 4e+06
69 5 4e+06
70 5 4e+06
71 5 4e+06
72 5 4e+06
73 5 4e+06
74 5 3e+06
75 5 3e+06
76 5 3e+06
77 5 3e+06
78 5 3e+06
79 5 2e+06
80 5 2e+06
81 5 2e+06
82 5 2e+06
83 5 2e+06
84 5 2e+06
85 5 2e+06
86 5 2e+06
87 5 2e+06
88 5 2e+06
89 5 2e+06
90 5 3e+06
91 5 3e+06
92 5 3e+06
93 5 3e+06
94 5 3e+06
95 5 3e+06
96 5 3e+06
97 5 3e+06
98 5 3e+06
99 5 2e+06
100 5 2e+06
101 5 2e+06
102 5 3e+06
103 5 3e+06
104 5 3e+06
105 5 3e+06
106 5 3e+06
107 5 3e+06
108 5 3e+06
109 5 3e+06
110 5 3e+06
111 5 3e+06
112 5 3e+06
113 5 3e+06
114 5 3e+06
115 5 3e+06
116 5 4e+06
117 5 3e+06
118 5 3e+06
119 5 4e+06
120 5 4e+06
121 5 4e+06
122 5 4e+06
123 5 4e+06
124 5 4e+06
125 5 4e+06
126 5 4e+06
127 5 4e+06
0 6 4e+06
1 6 4e+06
2 6 4e+06
3 6 4e+06
4 6 4e+06
5 6 4e+06
6 6 4e+06
7 6 4e+06
8 6 4e+06
9 6 4e+06
10 6 4e+06
11 6 4e+06
12 6 4e+06
13 6 3e+06
14 6 3e+06
15 6 3e+06
16 6 3e+06
17 6 3e+06
18 6 2e+06
19 6 2e+06
20 6 2e+06
21 6 2e+06
22 6 2e+06
23 6 2e+06
24 6 2e+06
25 6 2e+06
26 6 2e+06
27 6 2e+06
28 6 2e+06
29 6 2e+06
30 6 2e+06
31 6 2e+06
32 6 2e+06
33 6 2e+06
34 6 2e+06
35 6 3e+06
36 6 3e+06
37 6 3e+06
38 6 3e+06
39 6 3e+06
40 6 3e+06
41 6 3e+06
42 6 3e+06
43 6 4e+06
44 6 4e+06
45 6 4e+06
46 6 4e+06
47 6 4e+06
48 6 4e+06
49 6 4e+06
50 6 4e+06
51 6 4e+06
52 6 4e+06
53 6 4e+06
54 6 4e+06
55 6 4e+06
56 6 4e+06
57 6 4e+06
58 6 4e+06
59 6 4e+06
60 6 4e+06
61 6 4e+06
62 6 4e+06
63 6 3e+06
64 6 3e+06
65 6 4e+06
66 6 4e+06
67 6 4e+06
68 6 4e+06
69 6 4e+06
70 6 4e+06
71 6 4e+06
72 6 4e+06
73 6 4e+06
74 6 3e+06
75 6 3e+06
76 6 3e+06
77 6 3e+06
78 6 3e+06
79 6 3e+06
80 6 2e+06
81 6 2e+06
82 6 2e+06
83 6 2e+06
84 6 2e+06
85 6 2e+06
86 6 2e+06
87 6 2e+06
88 6 2e+06
89 6 2e+06
90 6 2e+06
91 6 3e+06
92 6 3e+06
93 6 3e+06
94 6 3e+06
95 6 4e+06
96 6 4e+06
97 6 3e+06
98 6 3e+06
99 6 3e+06
100 6 3e+06
101 6 3e+06
102 6 3e+06
103 6 3e+06
104 6 3e+06
105 6 3e+06
106 6 3e+06
107 6 3e+06
108 6 3e+06
109 6 3e+06
110 6 3e+06
111 6 3e+06
112 6 3e+06
113 6 3e+06
114 6 3e+06
115 6 4e+06
116 6 3e+06
117 6 3e+06
118 6 3e+06
119 6 3e+06
120 6 3e+06
121 6 3e+06
122 6 3e+06
123 6 4e+06
124 6 4e+06
125 6 4e+06
126 6 4e+06
127 6 4e+06
0 7 4e+06
1 7 4e+06
2 7 4e+06
3 7 4e+06
4 7 4e+06
5 7 3e+06
6 7 4e+06
7 7 4e+06
8 7 4e+06
9 7 4e+06
10 7 4e+06
11 7 4e+06
12 7 4e+06
13 7 3e+06
14 7 3e+06
15 7 3e+06
16 7 3e+06
17 7 2e+06
18 7 2e+06
19 7 2e+06
20 7 2e+06
21 7 2e+06
22 7 2e+06
23 7 2e+06
24 7 2e+06
25 7 2e+06
26 7 2e+06
27 7 2e+06
28 7 2e+06
29 7 2e+06
30 7 3e+06
31 7 3e+06
32 7 3e+06
33 7 3e+06
34 7 3e+06
35 7 3e+06
36 7 3e+06
37 7 3e+06
38 7 3e+06
39 7 3e+06
40 7 3e+06
41 7 4e+06
42 7 4e+06
43 7 4e+06
44 7 4e+06
45 7 4e+06
46 7 3e+06
47 7 4e+06
48 7 4e+06
49 7 4e+06
50 7 4e+06
51 7 4e+06
52 7 4e+06
53 7 4e+06
54 7 4e+06
55 7 4e+06
56 7 4e+06
57 7 4e+06
58 7 4e+06
59 7 4e+06
60 7 4e+06
61 7 3e+06
62 7 3e+06
63 7 3e+06
64 7 4e+06
65 7 4e+06
66 7 4e+06
67 7 4e+06
68 7 5e+06
69 7 4e+06
70 7 4e+06
71 7 4e+06
72 7 4e+06
73 7 4e+06
74 7 4e+06
75 7 3e+06
76 7 3e+06
77 7 3e+06
78 7 3e+06
79 7 3e+06
80 7 3e+06
81 7 2e+06
82 7 2e+06
83 7 2e+06
84 7 2e+06
85 7 2e+06
86 7 2e+06
87 7 2e+06
88 7 2e+06
89 7 2e+06
90 7 2e+06
91 7 3e+06
92 7 3e+06
93 7 3e+06
94 7 4e+06
95 7 4e+06
96 7 4e+06
97 7 3e+06
98 7 3e+06
99 7 3e+06
100 7 3e+06
101 7 3e+06
102 7 3e+06
103 7 3e+06
104 7 3e+06
105 7 3e+06
106 7 3e+06
107 7 3e+06
108 7 3e+06
109 7 3e+06
110 7 3e+06
111 7 3e+06
112 7 3e+06
113 7 3e+06
114 7 3e+06
115 7 3e+06
116 7 3e+06
117 7 3e+06
118 7 3e+06
119 7 3e+06
120 7 3e+06
121 7 3e+06
122 7 3e+06
123 7 4e+06
124 7 4e+06
125 7 4e+06
126 7 4e+06
127 7 4e+06
0 8 4e+06
1 8 3e+06
2 8 3e+06
3 8 3e+06
4 8 3e+06
5 8 3e+06
6 8 3e+06
7 8 3e+06
8 8 3e+06
9 8 4e+06
10 8 4e+06
11 8 3e+06
12 8 3e+06
13 8 3e+06
14 8 2e+06
15 8 2e+06
16 8 2e+06
17 8 2e+06
18 8 2e+06
19 8 2e+06
20 8 2e+06
21 8 2e+06
22 8 2e+06
23 8 2e+06
24 8 2e+06
25 8 2e+06
26 8 2e+06
27 8 2e+06
28 8 2e+06
29 8 2e+06
30 8 3e+06
31 8 3e+06
32 8 3e+06
33 8 3e+06
34 8 3e+06
35 8 3e+06
36 8 3e+06
37 8 3e+06
38 8 3e+06
39 8 4e+06
40 8 4e+06
41 8 4e+06
42 8 4e+06
43 8 4e+06
44 8 4e+06
45 8 4e+06
46 8 4e+06
47 8 4e+06
48 8 4e+06
49 8 4e+06
50 8 4e+06
51 8 4e+06
52 8 4e+06
53 8 4e+06
54 8 4e+06
55 8 4e+06
56 8 4e+06
57 8 4e+06
58 8 4e+06
59 8 4e+06
60 8 4e+06
61 8 3e+06
62 8 3e+06
63 8 4e+06
64 8 4e+06
65 8 4e+06
66 8 4e+06
67 8 5e+06
68 8 5e+06
69 8 5e+06
70 8 4e+06
71 8 4e+06
72 8 4e+06
73 8 5e+06
74 8 4e+06
75 8 4e+06
76 8 4e+06
77 8 4e+06
78 8 3e+06
79 8 3e+06
80 8 3e+06
81 8 3e+06
82 8 2e+06
83 8 2e+06
84 8 2e+06
85 8 2e+06
86 8 2e+06
87 8 2e+06
88 8 2e+06
89 8 2e+06
90 8 3e+06
91 8 3e+06
92 8 3e+06
93 8 3e+06
94 8 4e+06
95 8 4e+06
96 8 4e+06
97 8 3e+06
98 8 3e+06
99 8 3e+06
100 8 3e+06
101 8 3e+06
102 8 3e+06
103 8 3e+06
104 8 3e+06
105 8 3e+06
106 8 3e+06
107 8 3e+06
108 8 3e+06
109 8 3e+06
110 8 3e+06
111 8 4e+06
112 8 4e+06
113 8 4e+06
114 8 3e+06
115 8 3e+06
116 8 3e+06
117 8 3e+06
118 8 3e+06
119 8 3e+06
120 8 3e+06
121 8 3e+06
122 8 3e+06
123 8 3e+06
124 8 3e+06
125 8 4e+06
126 8 4e+06
127 8 4e+06
0 9 4e+06
1 9 3e+06
2 9 3e+06
3 9 3e+06
4 9 3e+06
5 9 3e+06
6 9 3e+06
7 9 3e+06
8 9 3e+06
9 9 3e+06
10 9 3e+06
11 9 3e+06
12 9 2e+06
13 9 2e+06
14 9 2e+06
15 9 2e+06
16 9 2e+06
17 9 1e+06
18 9 1e+06
19 9 2e+06
20 9 2e+06
21 9 1e+06
22 9 2e+06
23 9 2e+06
24 9 2e+06
25 9 3e+06
26 9 3e+06
27 9 2e+06
28 9 3e+06
29 9 3e+06
30 9 3e+06
31 9 3e+06
32 9 4e+06
33 9 3e+06
34 9 3e+06
35 9 3e+06
36 9 3e+06
37 9 3e+06
38 9 3e+06
39 9 4e+06
40 9 4e+06
41 9 4e+06
42 9 4e+06
43 9 4e+06
44 9 4e+06
45 9 4e+06
46 9 4e+06
47 9 4e+06
48 9 4e+06
49 9 4e+06
50 9 4e+06
51 9 4e+06
52 9 4e+06
53 9 4e+06
54 9 4e+06
55 9 4e+06
56 9 4e+06
57 9 4e+06
58 9 4e+06
59 9 4e+06
60 9 4e+06
61 9 3e+06
62 9 3e+06
63 9 4e+06
64 9 4e+06
65 9 4e+06
66 9 4e+06
67 9 5e+06
68 9 5e+06
69 9 5e+06
70 9 4e+06
71 9 4e+06
72 9 4e+06
73 9 4e+06
74 9 4e+06
75 9 4e+06
76 9 4e+06
77 9 4e+06
78 9 4e+06
79 9 3e+06
80 9 3e+06
81 9 3e+06
82 9 3e+06
83 9 2e+06
84 9 2e+06
85 9 2e+06
86 9 2e+06
87 9 2e+06
88 9 3e+06
89 9 3e+06
90 9 3e+06
91 9 3e+06
92 9 3e+06
93 9 4e+06
94 9 4e+06
95 9 4e+06
96 9 4e+06
97 9 3e+06
98 9 3e+06
99 9 3e+06
100 9 3e+06
101 9 3e+06
102 9 3e+06
103 9 3e+06
104 9 3e+06
105 9 3e+06
106 9 3e+06
107 9 3e+06
108 9 3e+06
109 9 3e+06
110 9 3e+06
111 9 3e+06
112 9 4e+06
113 9 4e+06
114 9 3e+06
115 9 3e+06
116 9 3e+06
117 9 3e+06
118 9 3e+06
119 9 3e+06
120 9 3e+06
121 9 3e+06
122 9 3e+06
123 9 3e+06
124 9 3e+06
125 9 3e+06
126 9 3e+06
127 9 4e+06
0 10 3e+06
1 10 3e+06
2 10 3e+06
3 10 2e+06
4 10 2e+06
5 10 2e+06
6 10 2e+06
7 10 3e+06
8 10 3e+06
9 10 3e+06
10 10 3e+06
11 10 3e+06
12 10 2e+06
13 10 2e+06
14 10 2e+06
15 10 1e+06
16 10 1e+06
17 10 1e+06
18 10 1e+06
19 10 2e+06
20 10 1e+06
21 10 1e+06
22 10 2e+06
23 10 2e+06
24 10 2e+06
25 10 3e+06
26 10 3e+06
27 10 3e+06
28 10 3e+06
29 10 3e+06
30 10 3e+06
31 10 4e+06
32 10 4e+06
33 10 4e+06
34 10 3e+06
35 10 3e+06
36 10 3e+06
37 10 3e+06
38 10 4e+06
39 10 4e+06
40 10 4e+06
41 10 4e+06
42 10 4e+06
43 10 4e+06
44 10 4e+06
45 10 4e+06
46 10 4e+06
47 10 4e+06
48 10 4e+06
49 10 4e+06
50 10 4e+06
51 10 4e+06
52 10 4e+06
53 10 4e+06
54 10 4e+06
55 10 4e+06
56 10 4e+06
57 10 4e+06
58 10 4e+06
59 10 3e+06
60 10 4e+06
61 10 3e+06
62 10 3e+06
63 10 4e+06
64 10 4e+06
65 10 4e+06
66 10 4e+06
67 10 4e+06
68 10 5e+06
69 10 4e+06
70 10 4e+06
71 10 4e+06
72 10 4e+06
73 10 4e+06
74 10 4e+06
75 10 4e+06
76 10 4e+06
77 10 4e+06
78 10 4e+06
79 10 4e+06
80 10 4e+06
81 10 4e+06
82 10 3e+06
83 10 3e+06
84 10 2e+06
85 10 2e+06
86 10 2e+06
87 10 2e+06
88 10 3e+06
89 10 3e+06
90 10 3e+06
91 10 4e+06
92 10 4e+06
93 10 4e+06
94 10 4e+06
95 10 4e+06
96 10 4e+06
97 10 3e+06
98 10 3e+06
99 10 3e+06
100 10 3e+06
101 10 3e+06
102 10 3e+06
103 10 3e+06
104 10 3e+06
105 10 3e+06
106 10 3e+06
107 10 3e+06
108 10 3e+06
109 10 3e+06
110 10 3e+06
111 10 3e+06
112 10 3e+06
113 10 4e+06
114 10 3e+06
115 10 3e+06
116 10 3e+06
117 10 2e+06
118 10 2e+06
119 10 2e+06
120 10 2e+06
121 10 3e+06
122 10 3e+06
123 10 3e+06
124 10 3e+06
125 10 3e+06
126 10 3e+06
127 10 3e+06
0 11 3e+06
1 11 3e+06
2 11 2e+06
3 11 2e+06
4 11 2e+06
5 11 2e+06
6 11 2e+06
7 11 3e+06
8 11 3e+06
9 11 3e+06
10 11 3e+06
11 11 2e+06
12 11 2e+06
13 11 2e+06
14 11 1e+06
15 11 1e+06
16 11 1e+06
17 11 1e+06
18 11 1e+06
19 11 1e+06
20 11 2e+06
21 11 2e+06
22 11 2e+06
23 11 2e+06
24 11 2e+06
25 11 3e+06
26 11 3e+06
27 11 3e+06
28 11 3e+06
29 11 3e+06
30 11 4e+06
31 11 4e+06
32 11 3e+06
33 11 4e+06
34 11 4e+06
35 11 3e+06
36 11 3e+06
37 11 3e+06
38 11 3e+06
39 11 4e+06
40 11 4e+06
41 11 4e+06
42 11 4e+06
43 11 4e+06
44 11 4e+06
45 11 4e+06
46 11 4e+06
47 11 4e+06
48 11 4e+06
49 11 4e+06
50 11 4e+06
51 11 4e+06
52 11 4e+06
53 11 4e+06
54 11 4e+06
55 11 4e+06
56 11 4e+06
57 11 4e+06
58 11 4e+06
59 11 3e+06
60 11 3e+06
61 11 3e+06
62 11 3e+06
63 11 4e+06
64 11 4e+06
65 11 4e+06
66 11 4e+06
67 11 4e+06
68 11 5e+06
69 11 4e+06
70 11 4e+06
71 11 4e+06
72 11 4e+06
73 11 4e+06
74 11 4e+06
75 11 4e+06
76 11 4e+06
77 11 4e+06
78 11 4e+06
79 11 4e+06
80 11 4e+06
81 11 4e+06
82 11 3e+06
83 11 3e+06
84 11 3e+06
85 11 2e+06
86 11 3e+06
87 11 3e+06
88 11 3e+06
89 11 3e+06
90 11 4e+06
91 11 4e+06
92 11 4e+06
93 11 4e+06
94 11 4e+06
95 11 4e+06
96 11 4e+06
97 11 3e+06
98 11 4e+06
99 11 4e+06
100 11 3e+06
101 11 3e+06
102 11 3e+06
103 11 3e+06
104 11 3e+06
105 11 3e+06
106 11 3e+06
107 11 3e+06
108 11 3e+06
109 11 3e+06
110 11 3e+06
111 11 3e+06
112 11 3e+06
113 11 3e+06
114 11 3e+06
115 11 3e+06
116 11 2e+06
117 11 2e+06
118 11 2e+06
119 11 2e+06
120 11 2e+06
121 11 3e+06
122 11 3e+06
123 11 3e+06
124 11 4e+06
125 11 4e+06
126 11 4e+06
127 11 3e+06
0 12 3e+06
1 12 3e+06
2 12 2e+06
3 12 2e+06
4 12 2e+06
5 12 2e+06
6 12 2e+06
7 12 2e+06
8 12 2e+06
9 12 2e+06
10 12 2e+06
11 12 2e+06
12 12 2e+06
13 12 2e+06
14 12 2e+06
15 12 2e+06
16 12 2e+06
17 12 2e+06
18 12 2e+06
19 12 2e+06
20 12 2e+06
21 12 2e+06
22 12 2e+06
23 12 2e+06
24 12 3e+06
25 12 3e+06
26 12 3e+06
27 12 3e+06
28 12 4e+06
29 12 4e+06
30 12 4e+06
31 12 4e+06
32 12 4e+06
33 12 3e+06
34 12 3e+06
35 12 3e+06
36 12 3e+06
37 12 4e+06
38 12 4e+06
39 12 4e+06
40 12 4e+06
41 12 5e+06
42 12 4e+06
43 12 4e+06
44 12 4e+06
45 12 4e+06
46 12 4e+06
47 12 4e+06
48 12 4e+06
49 12 4e+06
50 12 4e+06
51 12 4e+06
52 12 4e+06
53 12 4e+06
54 12 4e+06
55 12 3e+06
56 12 4e+06
57 12 4e+06
58 12 4e+06
59 12 3e+06
60 12 3e+06
61 12 3e+06
62 12 4e+06
63 12 4e+06
64 12 4e+06
65 12 4e+06
66 12 4e+06
67 12 4e+06
68 12 4e+06
69 12 4e+06
70 12 4e+06
71 12 4e+06
72 12 4e+06
73 12 4e+06
74 12 4e+06
75 12 4e+06
76 12 4e+06
77 12 4e+06
78 12 4e+06
79 12 4e+06
80 12 4e+06
81 12 4e+06
82 12 3e+06
83 12 3e+06
84 12 3e+06
85 12 3e+06
86 12 3e+06
87 12 3e+06
88 12 3e+06
89 12 3e+06
90 12 4e+06
91 12 4e+06
92 12 4e+06
93 12 4e+06
94 12 4e+06
95 12 4e+06
96 12 4e+06
97 12 4e+06
98 12 3e+06
99 12 3e+06
100 12 4e+06
101 12 4e+06
102 12 3e+06
103 12 3e+06
104 12 3e+06
105 12 3e+06
106 12 3e+06
107 12 3e+06
108 12 3e+06
109 12 3e+06
110 12 3e+06
111 12 3e+06
112 12 3e+06
113 12 3e+06
114 12 3e+06
115 12 3e+06
116 12 3e+06
117 12 2e+06
118 12 2e+06
119 12 2e+06
120 12 3e+06
121 12 3e+06
122 12 3e+06
123 12 3e+06
124 12 4e+06
125 12 4e+06
126 12 4e+06
127 12 3e+06
0 13 3e+06
1 13 2e+06
2 13 2e+06
3 13 2e+06
4 13 2e+06
5 13 2e+06
6 13 2e+06
7 13 2e+06
8 13 2e+06
9 13 2e+06
10 13 2e+06
11 13 2e+06
12 13 2e+06
13 13 2e+06
14 13 2e+06
15 13 2e+06
16 13 2e+06
17 13 2e+06
18 13 2e+06
19 13 2e+06
20 13 2e+06
21 13 2e+06
22 13 2e+06
23 13 2e+06
24 13 3e+06
25 13 3e+06
26 13 3e+06
27 13 4e+06
28 13 4e+06
29 13 4e+06
30 13 4e+06
31 13 4e+06
32 13 4e+06
33 13 3e+06
34 13 3e+06
35 13 3e+06
36 13 4e+06
37 13 4e+06
38 13 4e+06
39 13 4e+06
40 13 5e+06
41 13 5e+06
42 13 4e+06
43 13 4e+06
44 13 4e+06
45 13 4e+06
46 13 4e+06
47 13 4e+06
48 13 4e+06
49 13 4e+06
50 13 4e+06
51 13 4e+06
52 13 4e+06
53 13 4e+06
54 13 4e+06
55 13 4e+06
56 13 4e+06
57 13 4e+06
58 13 4e+06
59 13 4e+06
60 13 3e+06
61 13 3e+06
62 13 4e+06
63 13 4e+06
64 13 4e+06
65 13 4e+06
66 13 4e+06
67 13 4e+06
68 13 4e+06
69 13 4e+06
70 13 4e+06
71 13 4e+06
72 13 4e+06
73 13 3e+06
74 13 4e+06
75 13 4e+06
76 13 4e+06
77 13 4e+06
78 13 4e+06
79 13 4e+06
80 13 4e+06
81 13 4e+06
82 13 4e+06
83 13 3e+06
84 13 3e+06
85 13 3e+06
86 13 3e+06
87 13 3e+06
88 13 3e+06
89 13 3e+06
90 13 4e+06
91 13 4e+06
92 13 4e+06
93 13 4e+06
94 13 4e+06
95 13 4e+06
96 13 4e+06
97 13 4e+06
98 13 3e+06
99 13 3e+06
100 13 3e+06
101 13 3e+06
102 13 3e+06
103 13 3e+06
104 13 3e+06
105 13 3e+06
106 13 3e+06
107 13 3e+06
108 13 3e+06
109 13 3e+06
110 13 3e+06
111 13 3e+06
112 13 3e+06
113 13 3e+06
114 13 3e+06
115 13 3e+06
116 13 3e+06
117 13 2e+06
118 13 2e+06
119 13 3e+06
120 13 3e+06
121 13 3e+06
122 13 3e+06
123 13 4e+06
124 13 4e+06
125 13 4e+06
126 13 3e+06
127 13 3e+06
0 14 3e+06
1 14 2e+06
2 14 2e+06
3 14 2e+06
4 14 2e+06
5 14 2e+06
6 14 2e+06
7 14 2e+06
8 14 2e+06
9 14 2e+06
10 14 2e+06
11 14 2e+06
12 14 2e+06
13 14 2e+06
14 14 2e+06
15 14 2e+06
16 14 2e+06
17 14 2e+06
18 14 2e+06
19 14 2e+06
20 14 3e+06
21 14 3e+06
22 14 3e+06
23 14 3e+06
24 14 3e+06
25 14 3e+06
26 14 3e+06
27 14 4e+06
28 14 4e+06
29 14 4e+06
30 14 4e+06
31 14 4e+06
32 14 3e+06
33 14 3e+06
34 14 3e+06
35 14 4e+06
36 14 4e+06
37 14 4e+06
38 14 4e+06
39 14 4e+06
40 14 4e+06
41 14 5e+06
42 14 4e+06
43 14 4e+06
44 14 4e+06
45 14 4e+06
46 14 4e+06
47 14 4e+06
48 14 4e+06
49 14 4e+06
50 14 3e+06
51 14 4e+06
52 14 4e+06
53 14 4e+06
54 14 4e+06
55 14 4e+06
56 14 4e+06
57 14 4e+06
58 14 4e+06
59 14 4e+06
60 14 3e+06
61 14 4e+06
62 14 4e+06
63 14 4e+06
64 14 4e+06
65 14 4e+06
66 14 4e+06
67 14 4e+06
68 14 4e+06
69 14 4e+06
70 14 3e+06
71 14 3e+06
72 14 4e+06
73 14 4e+06
74 14 4e+06
75 14 4e+06
76 14 4e+06
77 14 4e+06
78 14 4e+06
79 14 4e+06
80 14 4e+06
81 14 4e+06
82 14 4e+06
83 14 3e+06
84 14 3e+06
85 14 3e+06
86 14 3e+06
87 14 3e+06
88 14 3e+06
89 14 4e+06
90 14 4e+06
91 14 4e+06
92 14 4e+06
93 14 4e+06
94 14 4e+06
95 14 4e+06
96 14 4e+06
97 14 4e+06
98 14 4e+06
99 14 3e+06
100 14 3e+06
101 14 3e+06
102 14 3e+06
103 14 3e+06
104 14 3e+06
105 14 3e+06
106 14 3e+06
107 14 3e+06
108 14 3e+06
109 14 3e+06
110 14 3e+06
111 14 3e+06
112 14 3e+06
113 14 3e+06
114 14 3e+06
115 14 3e+06
116 14 3e+06
117 14 3e+06
118 14 3e+06
119 14 3e+06
120 14 3e+06
121 14 3e+06
122 14 3e+06
123 14 4e+06
124 14 4e+06
125 14 4e+06
126 14 3e+06
127 14 3e+06
0 15 2e+06
1 15 2e+06
2 15 2e+06
3 15 2e+06
4 15 2e+06
5 15 2e+06
6 15 2e+06
7 15 2e+06
8 15 2e+06
9 15 2e+06
10 15 2e+06
11 15 2e+06
12 15 2e+06
13 15 2e+06
14 15 2e+06
15 15 2e+06
16 15 2e+06
17 15 2e+06
18 15 2e+06
19 15 2e+06
20 15 3e+06
21 15 3e+06
22 15 3e+06
23 15 3e+06
24 15 3e+06
25 15 3e+06
26 15 4e+06
27 15 4e+06
28 15 5e+06
29 15 4e+06
30 15 4e+06
31 15 4e+06
32 15 3e+06
33 15 3e+06
34 15 3e+06
35 15 4e+06
36 15 4e+06
37 15 4e+06
38 15 4e+06
39 15 5e+06
40 15 4e+06
41 15 4e+06
42 15 4e+06
43 15 4e+06
44 15 4e+06
45 15 4e+06
46 15 4e+06
47 15 4e+06
48 15 4e+06
49 15 4e+06
50 15 4e+06
51 15 4e+06
52 15 4e+06
53 15 4e+06
54 15 4e+06
55 15 4e+06
56 15 4e+06
57 15 4e+06
58 15 4e+06
59 15 4e+06
60 15 4e+06
61 15 4e+06
62 15 4e+06
63 15 4e+06
64 15 4e+06
65 15 5e+06
66 15 4e+06
67 15 4e+06
68 15 4e+06
69 15 4e+06
70 15 3e+06
71 15 3e+06
72 15 3e+06
73 15 4e+06
74 15 4e+06
75 15 4e+06
76 15 4e+06
77 15 4e+06
78 15 4e+06
79 15 4e+06
80 15 4e+06
81 15 4e+06
82 15 4e+06
83 15 3e+06
84 15 3e+06
85 15 3e+06
86 15 3e+06
87 15 3e+06
88 15 4e+06
89 15 4e+06
90 15 4e+06
91 15 4e+06
92 15 4e+06
93 15 4e+06
94 15 4e+06
95 15 3e+06
96 15 4e+06
97 15 4e+06
98 15 3e+06
99 15 4e+06
100 15 4e+06
101 15 4e+06
102 15 3e+06
103 15 3e+06
104 15 3e+06
105 15 3e+06
106 15 2e+06
107 15 3e+06
108 15 3e+06
109 15 3e+06
110 15 3e+06
111 15 3e+06
112 15 3e+06
113 15 3e+06
114 15 3e+06
115 15 3e+06
116 15 3e+06
117 15 3e+06
118 15 3e+06
119 15 3e+06
120 15 3e+06
121 15 3e+06
122 15 4e+06
123 15 4e+06
124 15 4e+06
125 15 4e+06
126 15 3e+06
127 15 3e+06
0 16 2e+06
1 16 2e+06
2 16 1e+06
3 16 1e+06
4 16 2e+06
5 16 2e+06
6 16 2e+06
7 16 2e+06
8 16 2e+06
9 16 2e+06
10 16 2e+06
11 16 1e+06
12 16 2e+06
13 16 2e+06
14 16 2e+06
15 16 3e+06
16 16 3e+06
17 16 3e+06
18 16 3e+06
19 16 3e+06
20 16 3e+06
21 16 3e+06
22 16 3e+06
23 16 3e+06
24 16 4e+06
25 16 4e+06
26 16 4e+06
27 16 4e+06
28 16 5e+06
29 16 5e+06
30 16 4e+06
31 16 4e+06
32 16 4e+06
33 16 3e+06
34 16 3e+06
35 16 4e+06
36 16 4e+06
37 16 4e+06
38 16 4e+06
39 16 4e+06
40 16 4e+06
41 16 4e+06
42 16 4e+06
43 16 4e+06
44 16 4e+06
45 16 4e+06
46 16 4e+06
47 16 4e+06
48 16 4e+06
49 16 4e+06
50 16 4e+06
51 16 4e+06
52 16 4e+06
53 16 4e+06
54 16 4e+06
55 16 4e+06
56 16 4e+06
57 16 4e+06
58 16 4e+06
59 16 4e+06
60 16 4e+06
61 16 4e+06
62 16 4e+06
63 16 4e+06
64 16 4e+06
65 16 4e+06
66 16 4e+06
67 16 4e+06
68 16 4e+06
69 16 4e+06
70 16 3e+06
71 16 3e+06
72 16 3e+06
73 16 3e+06
74 16 3e+06
75 16 4e+06
76 16 4e+06
77 16 4e+06
78 16 4e+06
79 16 4e+06
80 16 4e+06
81 16 4e+06
82 16 4e+06
83 16 3e+06
84 16 3e+06
85 16 3e+06
86 16 3e+06
87 16 3e+06
88 16 4e+06
89 16 4e+06
90 16 4e+06
91 16 4e+06
92 16 4e+06
93 16 4e+06
94 16 3e+06
95 16 3e+06
96 16 3e+06
97 16 3e+06
98 16 3e+06
99 16 3e+06
100 16 4e+06
101 16 3e+06
102 16 3e+06
103 16 3e+06
104 16 3e+06
105 16 3e+06
106 16 2e+06
107 16 3e+06
108 16 3e+06
109 16 3e+06
110 16 3e+06
111 16 3e+06
112 16 3e+06
113 16 3e+06
114 16 3e+06
115 16 3e+06
116 16 3e+06
117 16 3e+06
118 16 3e+06
119 16 3e+06
120 16 3e+06
121 16 3e+06
122 16 4e+06
123 16 4e+06
124 16 4e+06
125 16 3e+06
126 16 3e+06
127 16 2e+06
0 17 2e+06
1 17 2e+06
2 17 1e+06
3 17 1e+06
4 17 2e+06
5 17 2e+06
6 17 2e+06
7 17 2e+06
8 17 2e+06
9 17 1e+06
10 17 2e+06
11 17 1e+06
12 17 2e+06
13 17 2e+06
14 17 2e+06
15 17 3e+06
16 17 3e+06
17 17 3e+06
18 17 3e+06
19 17 3e+06
20 17 3e+06
21 17 3e+06
22 17 3e+06
23 17 3e+06
24 17 4e+06
25 17 4e+06
26 17 4e+06
27 17 4e+06
28 17 5e+06
29 17 5e+06
30 17 5e+06
31 17 4e+06
32 17 4e+06
33 17 4e+06
34 17 3e+06
35 17 3e+06
36 17 4e+06
37 17 4e+06
38 17 4e+06
39 17 4e+06
40 17 5e+06
41 17 5e+06
42 17 4e+06
43 17 4e+06
44 17 4e+06
45 17 4e+06
46 17 4e+06
47 17 4e+06
48 17 4e+06
49 17 4e+06
50 17 4e+06
51 17 4e+06
52 17 4e+06
53 17 4e+06
54 17 4e+06
55 17 4e+06
56 17 4e+06
57 17 4e+06
58 17 4e+06
59 17 4e+06
60 17 4e+06
61 17 4e+06
62 17 4e+06
63 17 4e+06
64 17 4e+06
65 17 4e+06
66 17 4e+06
67 17 4e+06
68 17 4e+06
69 17 4e+06
70 17 4e+06
71 17 3e+06
72 17 4e+06
73 17 4e+06
74 17 4e+06
75 17 4e+06
76 17 4e+06
77 17 4e+06
78 17 4e+06
79 17 4e+06
80 17 4e+06
81 17 4e+06
82 17 4e+06
83 17 4e+06
84 17 3e+06
85 17 3e+06
86 17 3e+06
87 17 4e+06
88 17 4e+06
89 17 4e+06
90 17 4e+06
91 17 4e+06
92 17 4e+06
93 17 4e+06
94 17 3e+06
95 17 3e+06
96 17 3e+06
97 17 3e+06
98 17 3e+06
99 17 3e+06
100 17 3e+06
101 17 3e+06
102 17 3e+06
103 17 3e+06
104 17 3e+06
105 17 3e+06
106 17 3e+06
107 17 3e+06
108 17 3e+06
109 17 3e+06
110 17 3e+06
111 17 3e+06
112 17 3e+06
113 17 3e+06
114 17 3e+06
115 17 3e+06
116 17 3e+06
117 17 3e+06
118 17 3e+06
119 17 3e+06
120 17 3e+06
121 17 3e+06
122 17 4e+06
123 17 4e+06
124 17 4e+06
125 17 3e+06
126 17 3e+06
127 17 2e+06
0 18 2e+06
1 18 2e+06
2 18 2e+06
3 18 2e+06
4 18 1e+06
5 18 1e+06
6 18 2e+06
7 18 2e+06
8 18 2e+06
9 18 2e+06
10 18 2e+06
11 18 2e+06
12 18 2e+06
13 18 2e+06
14 18 3e+06
15 18 3e+06
16 18 3e+06
17 18 3e+06
18 18 3e+06
19 18 3e+06
20 18 3e+06
21 18 3e+06
22 18 3e+06
23 18 4e+06
24 18 4e+06
25 18 4e+06
26 18 4e+06
27 18 5e+06
28 18 5e+06
29 18 5e+06
30 18 5e+06
31 18 5e+06
32 18 4e+06
33 18 4e+06
34 18 3e+06
35 18 3e+06
36 18 4e+06
37 18 4e+06
38 18 4e+06
39 18 4e+06
40 18 5e+06
41 18 5e+06
42 18 5e+06
43 18 4e+06
44 18 4e+06
45 18 4e+06
46 18 4e+06
47 18 4e+06
48 18 4e+06
49 18 4e+06
50 18 4e+06
51 18 4e+06
52 18 4e+06
53 18 4e+06
54 18 4e+06
55 18 4e+06
56 18 4e+06
57 18 4e+06
58 18 4e+06
59 18 4e+06
60 18 4e+06
61 18 4e+06
62 18 4e+06
63 18 4e+06
64 18 4e+06
65 18 4e+06
66 18 4e+06
67 18 4e+06
68 18 4e+06
69 18 4e+06
70 18 4e+06
71 18 4e+06
72 18 4e+06
73 18 4e+06
74 18 4e+06
75 18 4e+06
76 18 4e+06
77 18 4e+06
78 18 4e+06
79 18 4e+06
80 18 4e+06
81 18 4e+06
82 18 4e+06
83 18 3e+06
84 18 4e+06
85 18 4e+06
86 18 4e+06
87 18 4e+06
88 18 4e+06
89 18 3e+06
90 18 4e+06
91 18 4e+06
92 18 4e+06
93 18 4e+06
94 18 4e+06
95 18 3e+06
96 18 3e+06
97 18 3e+06
98 18 3e+06
99 18 3e+06
100 18 3e+06
101 18 3e+06
102 18 3e+06
103 18 3e+06
104 18 3e+06
105 18 3e+06
106 18 3e+06
107 18 3e+06
108 18 3e+06
109 18 2e+06
110 18 2e+06
111 18 2e+06
112 18 3e+06
113 18 3e+06
114 18 3e+06
115 18 4e+06
116 18 3e+06
117 18 3e+06
118 18 3e+06
119 18 2e+06
120 18 3e+06
121 18 3e+06
122 18 3e+06
123 18 3e+06
124 18 4e+06
125 18 3e+06
126 18 3e+06
127 18 3e+06
0 19 3e+06
1 19 2e+06
2 19 2e+06
3 19 2e+06
4 19 1e+06
5 19 1e+06
6 19 2e+06
7 19 2e+06
8 19 2e+06
9 19 2e+06
10 19 2e+06
11 19 2e+06
12 19 2e+06
13 19 2e+06
14 19 3e+06
15 19 3e+06
16 19 3e+06
17 19 3e+06
18 19 3e+06
19 19 3e+06
20 19 3e+06
21 19 3e+06
22 19 3e+06
23 19 4e+06
24 19 4e+06
25 19 4e+06
26 19 4e+06
27 19 4e+06
28 19 4e+06
29 19 4e+06
30 19 5e+06
31 19 5e+06
32 19 5e+06
33 19 4e+06
34 19 4e+06
35 19 4e+06
36 19 4e+06
37 19 4e+06
38 19 4e+06
39 19 4e+06
40 19 4e+06
41 19 4e+06
42 19 5e+06
43 19 4e+06
44 19 4e+06
45 19 4e+06
46 19 4e+06
47 19 4e+06
48 19 4e+06
49 19 4e+06
50 19 4e+06
51 19 4e+06
52 19 4e+06
53 19 4e+06
54 19 4e+06
55 19 4e+06
56 19 5e+06
57 19 5e+06
58 19 5e+06
59 19 4e+06
60 19 4e+06
61 19 4e+06
62 19 4e+06
63 19 4e+06
64 19 4e+06
65 19 4e+06
66 19 4e+06
67 19 4e+06
68 19 4e+06
69 19 4e+06
70 19 4e+06
71 19 4e+06
72 19 4e+06
73 19 4e+06
74 19 4e+06
75 19 4e+06
76 19 4e+06
77 19 4e+06
78 19 4e+06
79 19 4e+06
80 19 4e+06
81 19 4e+06
82 19 4e+06
83 19 4e+06
84 19 4e+06
85 19 4e+06
86 19 4e+06
87 19 4e+06
88 19 4e+06
89 19 3e+06
90 19 4e+06
91 19 4e+06
92 19 4e+06
93 19 4e+06
94 19 4e+06
95 19 3e+06
96 19 3e+06
97 19 3e+06
98 19 3e+06
99 19 3e+06
100 19 3e+06
101 19 3e+06
102 19 3e+06
103 19 3e+06
104 19 3e+06
105 19 3e+06
106 19 3e+06
107 19 3e+06
108 19 3e+06
109 19 3e+06
110 19 3e+06
111 19 3e+06
112 19 3e+06
113 19 3e+06
114 19 3e+06
115 19 4e+06
116 19 4e+06
117 19 3e+06
118 19 3e+06
119 19 3e+06
120 19 2e+06
121 19 3e+06
122 19 3e+06
123 19 3e+06
124 19 3e+06
125 19 3e+06
126 19 2e+06
127 19 3e+06
0 20 3e+06
1 20 2e+06
2 20 2e+06
3 20 2e+06
4 20 1e+06
5 20 2e+06
6 20 2e+06
7 20 2e+06
8 20 2e+06
9 20 2e+06
10 20 2e+06
11 20 2e+06
12 20 2e+06
13 20 2e+06
14 20 3e+06
15 20 3e+06
16 20 3e+06
17 20 3e+06
18 20 3e+06
19 20 3e+06
20 20 3e+06
21 20 4e+06
22 20 4e+06
23 20 3e+06
24 20 4e+06
25 20 4e+06
26 20 4e+06
27 20 4e+06
28 20 4e+06
29 20 4e+06
30 20 5e+06
31 20 5e+06
32 20 5e+06
33 20 4e+06
34 20 4e+06
35 20 4e+06
36 20 4e+06
37 20 4e+06
38 20 4e+06
39 20 4e+06
40 20 4e+06
41 20 4e+06
42 20 4e+06
43 20 4e+06
44 20 4e+06
45 20 4e+06
46 20 4e+06
47 20 4e+06
48 20 4e+06
49 20 4e+06
50 20 4e+06
51 20 4e+06
52 20 5e+06
53 20 5e+06
54 20 5e+06
55 20 5e+06
56 20 5e+06
57 20 5e+06
58 20 4e+06
59 20 4e+06
60 20 4e+06
61 20 4e+06
62 20 4e+06
63 20 4e+06
64 20 4e+06
65 20 4e+06
66 20 4e+06
67 20 4e+06
68 20 4e+06
69 20 4e+06
70 20 4e+06
71 20 4e+06
72 20 4e+06
73 20 4e+06
74 20 4e+06
75 20 4e+06
76 20 4e+06
77 20 4e+06
78 20 5e+06
79 20 4e+06
80 20 4e+06
81 20 4e+06
82 20 4e+06
83 20 4e+06
84 20 3e+06
85 20 4e+06
86 20 4e+06
87 20 4e+06
88 20 4e+06
89 20 3e+06
90 20 3e+06
91 20 4e+06
92 20 4e+06
93 20 4e+06
94 20 4e+06
95 20 4e+06
96 20 3e+06
97 20 3e+06
98 20 3e+06
99 20 3e+06
100 20 3e+06
101 20 3e+06
102 20 3e+06
103 20 4e+06
104 20 3e+06
105 20 3e+06
106 20 3e+06
107 20 3e+06
108 20 3e+06
109 20 3e+06
110 20 3e+06
111 20 3e+06
112 20 3e+06
113 20 3e+06
114 20 3e+06
115 20 3e+06
116 20 3e+06
117 20 3e+06
118 20 3e+06
119 20 3e+06
120 20 2e+06
121 20 2e+06
122 20 3e+06
123 20 3e+06
124 20 3e+06
125 20 2e+06
126 20 2e+06
127 20 3e+06
0 21 3e+06
1 21 3e+06
2 21 2e+06
3 21 2e+06
4 21 2e+06
5 21 2e+06
6 21 2e+06
7 21 2e+06
8 21 2e+06
9 21 2e+06
10 21 2e+06
11 21 3e+06
12 21 3e+06
13 21 3e+06
14 21 3e+06
15 21 3e+06
16 21 3e+06
17 21 3e+06
18 21 3e+06
19 21 3e+06
20 21 4e+06
21 21 4e+06
22 21 4e+06
23 21 4e+06
24 21 4e+06
25 21 4e+06
26 21 5e+06
27 21 5e+06
28 21 4e+06
29 21 5e+06
30 21 5e+06
31 21 5e+06
32 21 5e+06
33 21 4e+06
34 21 4e+06
35 21 4e+06
36 21 4e+06
37 21 4e+06
38 21 4e+06
39 21 4e+06
40 21 3e+06
41 21 3e+06
42 21 4e+06
43 21 4e+06
44 21 4e+06
45 21 4e+06
46 21 4e+06
47 21 4e+06
48 21 5e+06
49 21 5e+06
50 21 4e+06
51 21 5e+06
52 21 5e+06
53 21 5e+06
54 21 5e+06
55 21 5e+06
56 21 5e+06
57 21 4e+06
58 21 4e+06
59 21 4e+06
60 21 4e+06
61 21 5e+06
62 21 5e+06
63 21 4e+06
64 21 4e+06
65 21 4e+06
66 21 4e+06
67 21 4e+06
68 21 4e+06
69 21 4e+06
70 21 4e+06
71 21 4e+06
72 21 4e+06
73 21 4e+06
74 21 4e+06
75 21 4e+06
76 21 4e+06
77 21 5e+06
78 21 4e+06
79 21 4e+06
80 21 4e+06
81 21 4e+06
82 21 4e+06
83 21 4e+06
84 21 4e+06
85 21 4e+06
86 21 4e+06
87 21 4e+06
88 21 4e+06
89 21 3e+06
90 21 3e+06
91 21 4e+06
92 21 4e+06
93 21 4e+06
94 21 4e+06
95 21 4e+06
96 21 4e+06
97 21 3e+06
98 21 3e+06
99 21 3e+06
100 21 3e+06
101 21 3e+06
102 21 3e+06
103 21 4e+06
104 21 3e+06
105 21 3e+06
106 21 3e+06
107 21 3e+06
108 21 4e+06
109 21 4e+06
110 21 4e+06
111 21 4e+06
112 21 4e+06
113 21 4e+06
114 21 3e+06
115 21 3e+06
116 21 3e+06
117 21 3e+06
118 21 3e+06
119 21 2e+06
120 21 2e+06
121 21 2e+06
122 21 2e+06
123 21 2e+06
124 21 2e+06
125 21 2e+06
126 21 3e+06
127 21 3e+06
0 22 3e+06
1 22 3e+06
2 22 3e+06
3 22 3e+06
4 22 2e+06
5 22 2e+06
6 22 2e+06
7 22 2e+06
8 22 2e+06
9 22 2e+06
10 22 3e+06
11 22 3e+06
12 22 3e+06
13 22 3e+06
14 22 3e+06
15 22 3e+06
16 22 3e+06
17 22 3e+06
18 22 3e+06
19 22 3e+06
20 22 4e+06
21 22 4e+06
22 22 4e+06
23 22 4e+06
24 22 4e+06
25 22 4e+06
26 22 5e+06
27 22 5e+06
28 22 5e+06
29 22 5e+06
30 22 5e+06
31 22 5e+06
32 22 5e+06
33 22 4e+06
34 22 4e+06
35 22 4e+06
36 22 3e+06
37 22 3e+06
38 22 3e+06
39 22 4e+06
40 22 3e+06
41 22 3e+06
42 22 4e+06
43 22 4e+06
44 22 4e+06
45 22 4e+06
46 22 4e+06
47 22 4e+06
48 22 5e+06
49 22 5e+06
50 22 5e+06
51 22 5e+06
52 22 5e+06
53 22 5e+06
54 22 5e+06
55 22 5e+06
56 22 4e+06
57 22 4e+06
58 22 4e+06
59 22 4e+06
60 22 5e+06
61 22 5e+06
62 22 5e+06
63 22 4e+06
64 22 4e+06
65 22 4e+06
66 22 4e+06
67 22 4e+06
68 22 3e+06
69 22 3e+06
70 22 4e+06
71 22 4e+06
72 22 4e+06
73 22 4e+06
74 22 4e+06
75 22 4e+06
76 22 5e+06
77 22 4e+06
78 22 4e+06
79 22 4e+06
80 22 4e+06
81 22 4e+06
82 22 4e+06
83 22 4e+06
84 22 4e+06
85 22 4e+06
86 22 4e+06
87 22 4e+06
88 22 3e+06
89 22 3e+06
90 22 4e+06
91 22 4e+06
92 22 4e+06
93 22 4e+06
94 22 4e+06
95 22 3e+06
96 22 3e+06
97 22 3e+06
98 22 3e+06
99 22 3e+06
100 22 3e+06
101 22 3e+06
102 22 3e+06
103 22 3e+06
104 22 3e+06
105 22 3e+06
106 22 3e+06
107 22 4e+06
108 22 4e+06
109 22 4e+06
110 22 4e+06
111 22 4e+06
112 22 4e+06
113 22 4e+06
114 22 4e+06
115 22 3e+06
116 22 3e+06
117 22 3e+06
118 22 2e+06
119 22 2e+06
120 22 2e+06
121 22 2e+06
122 22 3e+06
123 22 2e+06
124 22 2e+06
125 22 2e+06
126 22 3e+06
127 22 3e+06
0 23 3e+06
1 23 3e+06
2 23 3e+06
3 23 3e+06
4 23 2e+06
5 23 2e+06
6 23 2e+06
7 23 2e+06
8 23 2e+06
9 23 2e+06
10 23 3e+06
11 23 3e+06
12 23 3e+06
13 23 3e+06
14 23 3e+06
15 23 3e+06
16 23 3e+06
17 23 3e+06
18 23 3e+06
19 23 3e+06
20 23 3e+06
21 23 4e+06
22 23 4e+06
23 23 4e+06
24 23 4e+06
25 23 4e+06
26 23 5e+06
27 23 5e+06
28 23 5e+06
29 23 5e+06
30 23 5e+06
31 23 4e+06
32 23 4e+06
33 23 4e+06
34 23 4e+06
35 23 3e+06
36 23 3e+06
37 23 3e+06
38 23 4e+06
39 23 4e+06
40 23 4e+06
41 23 4e+06
42 23 3e+06
43 23 4e+06
44 23 4e+06
45 23 4e+06
46 23 4e+06
47 23 4e+06
48 23 4e+06
49 23 5e+06
50 23 5e+06
51 23 5e+06
52 23 5e+06
53 23 5e+06
54 23 5e+06
55 23 5e+06
56 23 5e+06
57 23 4e+06
58 23 4e+06
59 23 4e+06
60 23 4e+06
61 23 4e+06
62 23 4e+06
63 23 4e+06
64 23 4e+06
65 23 4e+06
66 23 3e+06
67 23 3e+06
68 23 3e+06
69 23 3e+06
70 23 3e+06
71 23 3e+06
72 23 4e+06
73 23 4e+06
74 23 4e+06
75 23 4e+06
76 23 4e+06
77 23 4e+06
78 23 4e+06
79 23 4e+06
80 23 4e+06
81 23 4e+06
82 23 4e+06
83 23 4e+06
84 23 4e+06
85 23 4e+06
86 23 4e+06
87 23 4e+06
88 23 4e+06
89 23 3e+06
90 23 4e+06
91 23 3e+06
92 23 4e+06
93 23 4e+06
94 23 4e+06
95 23 3e+06
96 23 3e+06
97 23 3e+06
98 23 3e+06
99 23 3e+06
100 23 3e+06
101 23 3e+06
102 23 3e+06
103 23 3e+06
104 23 4e+06
105 23 4e+06
106 23 3e+06
107 23 4e+06
108 23 4e+06
109 23 4e+06
110 23 4e+06
111 23 4e+06
112 23 4e+06
113 23 4e+06
114 23 3e+06
115 23 3e+06
116 23 3e+06
117 23 3e+06
118 23 2e+06
119 23 2e+06
120 23 2e+06
121 23 2e+06
122 23 3e+06
123 23 3e+06
124 23 2e+06
125 23 3e+06
126 23 3e+06
127 23 3e+06
0 24 3e+06
1 24 3e+06
2 24 3e+06
3 24 3e+06
4 24 3e+06
5 24 2e+06
6 24 3e+06
7 24 2e+06
8 24 2e+06
9 24 3e+06
10 24 3e+06
11 24 3e+06
12 24 3e+06
13 24 3e+06
14 24 3e+06
15 24 3e+06
16 24 4e+06
17 24 3e+06
18 24 3e+06
19 24 3e+06
20 24 3e+06
21 24 4e+06
22 24 4e+06
23 24 4e+06
24 24 4e+06
25 24 5e+06
26 24 5e+06
27 24 5e+06
28 24 4e+06
29 24 4e+06
30 24 4e+06
31 24 4e+06
32 24 4e+06
33 24 4e+06
34 24 3e+06
35 24 3e+06
36 24 3e+06
37 24 3e+06
38 24 3e+06
39 24 3e+06
40 24 4e+06
41 24 4e+06
42 24 3e+06
43 24 3e+06
44 24 4e+06
45 24 4e+06
46 24 4e+06
47 24 4e+06
48 24 4e+06
49 24 4e+06
50 24 5e+06
51 24 5e+06
52 24 5e+06
53 24 5e+06
54 24 5e+06
55 24 5e+06
56 24 5e+06
57 24 4e+06
58 24 4e+06
59 24 4e+06
60 24 4e+06
61 24 4e+06
62 24 4e+06
63 24 3e+06
64 24 3e+06
65 24 3e+06
66 24 3e+06
67 24 3e+06
68 24 3e+06
69 24 3e+06
70 24 3e+06
71 24 3e+06
72 24 4e+06
73 24 4e+06
74 24 4e+06
75 24 4e+06
76 24 4e+06
77 24 4e+06
78 24 4e+06
79 24 4e+06
80 24 4e+06
81 24 4e+06
82 24 5e+06
83 24 5e+06
84 24 4e+06
85 24 5e+06
86 24 4e+06
87 24 4e+06
88 24 4e+06
89 24 4e+06
90 24 4e+06
91 24 4e+06
92 24 3e+06
93 24 4e+06
94 24 3e+06
95 24 3e+06
96 24 3e+06
97 24 3e+06
98 24 3e+06
99 24 3e+06
100 24 3e+06
101 24 3e+06
102 24 3e+06
103 24 3e+06
104 24 4e+06
105 24 4e+06
106 24 4e+06
107 24 3e+06
108 24 4e+06
109 24 4e+06
110 24 4e+06
111 24 4e+06
112 24 4e+06
113 24 3e+06
114 24 3e+06
115 24 3e+06
116 24 3e+06
117 24 3e+06
118 24 2e+06
119 24 2e+06
120 24 2e+06
121 24 2e+06
122 24 3e+06
123 24 3e+06
124 24 2e+06
125 24 2e+06
126 24 3e+06
127 24 3e+06
0 25 3e+06
1 25 3e+06
2 25 3e+06
3 25 3e+06
4 25 3e+06
5 25 3e+06
6 25 3e+06
7 25 3e+06
8 25 3e+06
9 25 3e+06
10 25 3e+06
11 25 3e+06
12 25 4e+06
13 25 3e+06
14 25 4e+06
15 25 4e+06
16 25 4e+06
17 25 4e+06
18 25 4e+06
19 25 4e+06
20 25 4e+06
21 25 4e+06
22 25 4e+06
23 25 4e+06
24 25 5e+06
25 25 5e+06
26 25 5e+06
27 25 4e+06
28 25 4e+06
29 25 4e+06
30 25 4e+06
31 25 4e+06
32 25 4e+06
33 25 4e+06
34 25 3e+06
35 25 3e+06
36 25 3e+06
37 25 3e+06
38 25 3e+06
39 25 3e+06
40 25 4e+06
41 25 4e+06
42 25 4e+06
43 25 4e+06
44 25 4e+06
45 25 4e+06
46 25 4e+06
47 25 4e+06
48 25 4e+06
49 25 4e+06
50 25 5e+06
51 25 5e+06
52 25 5e+06
53 25 5e+06
54 25 4e+06
55 25 4e+06
56 25 4e+06
57 25 4e+06
58 25 4e+06
59 25 4e+06
60 25 4e+06
61 25 4e+06
62 25 3e+06
63 25 3e+06
64 25 3e+06
65 25 3e+06
66 25 3e+06
67 25 3e+06
68 25 3e+06
69 25 3e+06
70 25 3e+06
71 25 3e+06
72 25 3e+06
73 25 4e+06
74 25 4e+06
75 25 4e+06
76 25 4e+06
77 25 4e+06
78 25 4e+06
79 25 4e+06
80 25 5e+06
81 25 5e+06
82 25 5e+06
83 25 4e+06
84 25 4e+06
85 25 4e+06
86 25 4e+06
87 25 4e+06
88 25 4e+06
89 25 4e+06
90 25 4e+06
91 25 3e+06
92 25 3e+06
93 25 3e+06
94 25 3e+06
95 25 3e+06
96 25 3e+06
97 25 3e+06
98 25 3e+06
99 25 3e+06
100 25 3e+06
101 25 3e+06
102 25 3e+06
103 25 4e+06
104 25 3e+06
105 25 4e+06
106 25 4e+06
107 25 3e+06
108 25 4e+06
109 25 4e+06
110 25 4e+06
111 25 4e+06
112 25 4e+06
113 25 4e+06
114 25 3e+06
115 25 3e+06
116 25 3e+06
117 25 3e+06
118 25 2e+06
119 25 3e+06
120 25 3e+06
121 25 3e+06
122 25 3e+06
123 25 3e+06
124 25 2e+06
125 25 3e+06
126 25 3e+06
127 25 3e+06
0 26 3e+06
1 26 4e+06
2 26 4e+06
3 26 4e+06
4 26 3e+06
5 26 3e+06
6 26 3e+06
7 26 3e+06
8 26 3e+06
9 26 3e+06
10 26 3e+06
11 26 3e+06
12 26 3e+06
13 26 3e+06
14 26 4e+06
15 26 4e+06
16 26 4e+06
17 26 4e+06
18 26 4e+06
19 26 4e+06
20 26 4e+06
21 26 4e+06
22 26 4e+06
23 26 4e+06
24 26 5e+06
25 26 5e+06
26 26 4e+06
27 26 4e+06
28 26 4e+06
29 26 4e+06
30 26 4e+06
31 26 4e+06
32 26 3e+06
33 26 3e+06
34 26 3e+06
35 26 3e+06
36 26 2e+06
37 26 3e+06
38 26 3e+06
39 26 3e+06
40 26 4e+06
41 26 4e+06
42 26 4e+06
43 26 4e+06
44 26 3e+06
45 26 4e+06
46 26 4e+06
47 26 4e+06
48 26 4e+06
49 26 4e+06
50 26 4e+06
51 26 5e+06
52 26 5e+06
53 26 4e+06
54 26 4e+06
55 26 4e+06
56 26 4e+06
57 26 4e+06
58 26 4e+06
59 26 4e+06
60 26 4e+06
61 26 4e+06
62 26 3e+06
63 26 3e+06
64 26 3e+06
65 26 3e+06
66 26 3e+06
67 26 2e+06
68 26 2e+06
69 26 3e+06
70 26 3e+06
71 26 3e+06
72 26 4e+06
73 26 4e+06
74 26 4e+06
75 26 4e+06
76 26 4e+06
77 26 4e+06
78 26 4e+06
79 26 4e+06
80 26 5e+06
81 26 5e+06
82 26 4e+06
83 26 4e+06
84 26 4e+06
85 26 4e+06
86 26 4e+06
87 26 4e+06
88 26 4e+06
89 26 3e+06
90 26 4e+06
91 26 4e+06
92 26 3e+06
93 26 3e+06
94 26 3e+06
95 26 3e+06
96 26 2e+06
97 26 3e+06
98 26 3e+06
99 26 3e+06
100 26 3e+06
101 26 3e+06
102 26 3e+06
103 26 3e+06
104 26 3e+06
105 26 3e+06
106 26 4e+06
107 26 4e+06
108 26 4e+06
109 26 4e+06
110 26 4e+06
111 26 4e+06
112 26 4e+06
113 26 4e+06
114 26 3e+06
115 26 3e+06
116 26 3e+06
117 26 3e+06
118 26 3e+06
119 26 3e+06
120 26 3e+06
121 26 3e+06
122 26 3e+06
123 26 3e+06
124 26 3e+06
125 26 3e+06
126 26 3e+06
127 26 3e+06
0 27 3e+06
1 27 4e+06
2 27 4e+06
3 27 4e+06
4 27 3e+06
5 27 3e+06
6 27 3e+06
7 27 3e+06
8 27 3e+06
9 27 3e+06
10 27 3e+06
11 27 3e+06
12 27 3e+06
13 27 4e+06
14 27 4e+06
15 27 4e+06
16 27 4e+06
17 27 4e+06
18 27 4e+06
19 27 4e+06
20 27 4e+06
21 27 4e+06
22 27 4e+06
23 27 4e+06
24 27 4e+06
25 27 4e+06
26 27 4e+06
27 27 4e+06
28 27 4e+06
29 27 4e+06
30 27 4e+06
31 27 3e+06
32 27 3e+06
33 27 3e+06
34 27 3e+06
35 27 3e+06
36 27 3e+06
37 27 3e+06
38 27 3e+06
39 27 3e+06
40 27 3e+06
41 27 4e+06
42 27 4e+06
43 27 4e+06
44 27 3e+06
45 27 3e+06
46 27 4e+06
47 27 4e+06
48 27 4e+06
49 27 4e+06
50 27 4e+06
51 27 5e+06
52 27 5e+06
53 27 5e+06
54 27 4e+06
55 27 5e+06
56 27 4e+06
57 27 4e+06
58 27 4e+06
59 27 4e+06
60 27 4e+06
61 27 4e+06
62 27 3e+06
63 27 3e+06
64 27 3e+06
65 27 3e+06
66 27 2e+06
67 27 2e+06
68 27 2e+06
69 27 3e+06
70 27 3e+06
71 27 3e+06
72 27 4e+06
73 27 4e+06
74 27 4e+06
75 27 4e+06
76 27 4e+06
77 27 4e+06
78 27 4e+06
79 27 4e+06
80 27 4e+06
81 27 5e+06
82 27 4e+06
83 27 4e+06
84 27 4e+06
85 27 4e+06
86 27 4e+06
87 27 4e+06
88 27 4e+06
89 27 4e+06
90 27 3e+06
91 27 3e+06
92 27 3e+06
93 27 3e+06
94 27 3e+06
95 27 3e+06
96 27 3e+06
97 27 2e+06
98 27 2e+06
99 27 3e+06
100 27 3e+06
101 27 3e+06
102 27 3e+06
103 27 3e+06
104 27 3e+06
105 27 3e+06
106 27 3e+06
107 27 4e+06
108 27 4e+06
109 27 4e+06
110 27 4e+06
111 27 4e+06
112 27 4e+06
113 27 4e+06
114 27 3e+06
115 27 3e+06
116 27 3e+06
117 27 3e+06
118 27 3e+06
119 27 3e+06
120 27 3e+06
121 27 3e+06
122 27 3e+06
123 27 3e+06
124 27 3e+06
125 27 3e+06
126 27 3e+06
127 27 3e+06
0 28 3e+06
1 28 4e+06
2 28 4e+06
3 28 4e+06
4 28 3e+06
5 28 3e+06
6 28 3e+06
7 28 3e+06
8 28 3e+06
9 28 3e+06
10 28 3e+06
11 28 4e+06
12 28 4e+06
13 28 4e+06
14 28 4e+06
15 28 4e+06
16 28 4e+06
17 28 4e+06
18 28 4e+06
19 28 4e+06
20 28 4e+06
21 28 4e+06
22 28 4e+06
23 28 4e+06
24 28 4e+06
25 28 3e+06
26 28 3e+06
27 28 3e+06
28 28 4e+06
29 28 3e+06
30 28 3e+06
31 28 3e+06
32 28 3e+06
33 28 3e+06
34 28 3e+06
35 28 3e+06
36 28 3e+06
37 28 3e+06
38 28 3e+06
39 28 3e+06
40 28 3e+06
41 28 3e+06
42 28 3e+06
43 28 4e+06
44 28 3e+06
45 28 3e+06
46 28 4e+06
47 28 4e+06
48 28 4e+06
49 28 4e+06
50 28 4e+06
51 28 5e+06
52 28 5e+06
53 28 5e+06
54 28 4e+06
55 28 4e+06
56 28 4e+06
57 28 4e+06
58 28 4e+06
59 28 4e+06
60 28 4e+06
61 28 3e+06
62 28 3e+06
63 28 3e+06
64 28 3e+06
65 28 3e+06
66 28 2e+06
67 28 2e+06
68 28 2e+06
69 28 2e+06
70 28 3e+06
71 28 3e+06
72 28 3e+06
73 28 4e+06
74 28 4e+06
75 28 4e+06
76 28 4e+06
77 28 4e+06
78 28 4e+06
79 28 4e+06
80 28 4e+06
81 28 4e+06
82 28 4e+06
83 28 4e+06
84 28 4e+06
85 28 4e+06
86 28 4e+06
87 28 4e+06
88 28 4e+06
89 28 4e+06
90 28 3e+06
91 28 3e+06
92 28 3e+06
93 28 3e+06
94 28 3e+06
95 28 3e+06
96 28 3e+06
97 28 2e+06
98 28 2e+06
99 28 3e+06
100 28 3e+06
101 28 3e+06
102 28 3e+06
103 28 3e+06
104 28 3e+06
105 28 3e+06
106 28 4e+06
107 28 4e+06
108 28 4e+06
109 28 4e+06
110 28 4e+06
111 28 4e+06
112 28 4e+06
113 28 4e+06
114 28 3e+06
115 28 3e+06
116 28 3e+06
117 28 3e+06
118 28 3e+06
119 28 3e+06
120 28 3e+06
121 28 3e+06
122 28 3e+06
123 28 3e+06
124 28 3e+06
125 28 3e+06
126 28 3e+06
127 28 3e+06
0 29 3e+06
1 29 4e+06
2 29 4e+06
3 29 4e+06
4 29 3e+06
5 29 3e+06
6 29 3e+06
7 29 3e+06
8 29 4e+06
9 29 4e+06
10 29 4e+06
11 29 4e+06
12 29 4e+06
13 29 4e+06
14 29 4e+06
15 29 4e+06
16 29 4e+06
17 29 4e+06
18 29 5e+06
19 29 4e+06
20 29 4e+06
21 29 4e+06
22 29 4e+06
23 29 4e+06
24 29 4e+06
25 29 3e+06
26 29 3e+06
27 29 3e+06
28 29 3e+06
29 29 3e+06
30 29 3e+06
31 29 3e+06
32 29 3e+06
33 29 3e+06
34 29 3e+06
35 29 3e+06
36 29 3e+06
37 29 3e+06
38 29 3e+06
39 29 3e+06
40 29 3e+06
41 29 3e+06
42 29 3e+06
43 29 3e+06
44 29 3e+06
45 29 3e+06
46 29 3e+06
47 29 4e+06
48 29 4e+06
49 29 4e+06
50 29 4e+06
51 29 4e+06
52 29 5e+06
53 29 5e+06
54 29 5e+06
55 29 4e+06
56 29 4e+06
57 29 4e+06
58 29 4e+06
59 29 4e+06
60 29 4e+06
61 29 3e+06
62 29 3e+06
63 29 3e+06
64 29 3e+06
65 29 3e+06
66 29 2e+06
67 29 2e+06
68 29 2e+06
69 29 3e+06
70 29 3e+06
71 29 3e+06
72 29 3e+06
73 29 4e+06
74 29 4e+06
75 29 4e+06
76 29 4e+06
77 29 4e+06
78 29 4e+06
79 29 4e+06
80 29 4e+06
81 29 4e+06
82 29 4e+06
83 29 4e+06
84 29 4e+06
85 29 4e+06
86 29 4e+06
87 29 4e+06
88 29 4e+06
89 29 4e+06
90 29 3e+06
91 29 3e+06
92 29 3e+06
93 29 3e+06
94 29 3e+06
95 29 3e+06
96 29 3e+06
97 29 3e+06
98 29 3e+06
99 29 3e+06
100 29 3e+06
101 29 3e+06
102 29 3e+06
103 29 3e+06
104 29 3e+06
105 29 3e+06
106 29 4e+06
107 29 4e+06
108 29 4e+06
109 29 4e+06
110 29 4e+06
111 29 4e+06
112 29 4e+06
113 29 4e+06
114 29 3e+06
115 29 3e+06
116 29 3e+06
117 29 3e+06
118 29 3e+06
119 29 3e+06
120 29 3e+06
121 29 4e+06
122 29 3e+06
123 29 3e+06
124 29 3e+06
125 29 3e+06
126 29 3e+06
127 29 3e+06
0 30 3e+06
1 30 3e+06
2 30 4e+06
3 30 3e+06
4 30 3e+06
5 30 3e+06
6 30 3e+06
7 30 3e+06
8 30 4e+06
9 30 3e+06
10 30 4e+06
11 30 4e+06
12 30 4e+06
13 30 4e+06
14 30 4e+06
15 30 4e+06
16 30 4e+06
17 30 5e+06
18 30 5e+06
19 30 5e+06
20 30 4e+06
21 30 4e+06
22 30 4e+06
23 30 4e+06
24 30 4e+06
25 30 4e+06
26 30 3e+06
27 30 3e+06
28 30 3e+06
29 30 3e+06
30 30 3e+06
31 30 3e+06
32 30 3e+06
33 30 3e+06
34 30 3e+06
35 30 3e+06
36 30 3e+06
37 30 3e+06
38 30 3e+06
39 30 3e+06
40 30 3e+06
41 30 2e+06
42 30 3e+06
43 30 3e+06
44 30 3e+06
45 30 3e+06
46 30 3e+06
47 30 4e+06
48 30 3e+06
49 30 4e+06
50 30 4e+06
51 30 4e+06
52 30 5e+06
53 30 5e+06
54 30 4e+06
55 30 4e+06
56 30 4e+06
57 30 4e+06
58 30 4e+06
59 30 4e+06
60 30 3e+06
61 30 4e+06
62 30 3e+06
63 30 3e+06
64 30 3e+06
65 30 3e+06
66 30 2e+06
67 30 2e+06
68 30 3e+06
69 30 3e+06
70 30 3e+06
71 30 3e+06
72 30 3e+06
73 30 4e+06
74 30 4e+06
75 30 4e+06
76 30 3e+06
77 30 4e+06
78 30 4e+06
79 30 4e+06
80 30 4e+06
81 30 4e+06
82 30 4e+06
83 30 4e+06
84 30 4e+06
85 30 4e+06
86 30 4e+06
87 30 4e+06
88 30 4e+06
89 30 4e+06
90 30 3e+06
91 30 3e+06
92 30 3e+06
93 30 3e+06
94 30 3e+06
95 30 3e+06
96 30 3e+06
97 30 3e+06
98 30 3e+06
99 30 3e+06
100 30 3e+06
101 30 3e+06
102 30 3e+06
103 30 3e+06
104 30 3e+06
105 30 3e+06
106 30 3e+06
107 30 3e+06
108 30 4e+06
109 30 4e+06
110 30 4e+06
111 30 4e+06
112 30 4e+06
113 30 4e+06
114 30 3e+06
115 30 3e+06
116 30 4e+06
117 30 4e+06
118 30 4e+06
119 30 4e+06
120 30 4e+06
121 30 4e+06
122 30 3e+06
123 30 4e+06
124 30 3e+06
125 30 3e+06
126 30 3e+06
127 30 3e+06
0 31 3e+06
1 31 3e+06
2 31 3e+06
3 31 3e+06
4 31 3e+06
5 31 3e+06
6 31 3e+06
7 31 3e+06
8 31 3e+06
9 31 3e+06
10 31 3e+06
11 31 3e+06
12 31 3e+06
13 31 4e+06
14 31 4e+06
15 31 4e+06
16 31 4e+06
17 31 4e+06
18 31 4e+06
19 31 5e+06
20 31 5e+06
21 31 4e+06
22 31 4e+06
23 31 4e+06
24 31 3e+06
25 31 4e+06
26 31 3e+06
27 31 3e+06
28 31 3e+06
29 31 3e+06
30 31 3e+06
31 31 3e+06
32 31 3e+06
33 31 3e+06
34 31 3e+06
35 31 3e+06
36 31 3e+06
37 31 3e+06
38 31 3e+06
39 31 3e+06
40 31 2e+06
41 31 2e+06
42 31 2e+06
43 31 3e+06
44 31 3e+06
45 31 3e+06
46 31 3e+06
47 31 3e+06
48 31 3e+06
49 31 4e+06
50 31 4e+06
51 31 4e+06
52 31 4e+06
53 31 4e+06
54 31 4e+06
55 31 4e+06
56 31 4e+06
57 31 3e+06
58 31 3e+06
59 31 3e+06
60 31 3e+06
61 31 3e+06
62 31 3e+06
63 31 3e+06
64 31 3e+06
65 31 2e+06
66 31 2e+06
67 31 2e+06
68 31 3e+06
69 31 3e+06
70 31 3e+06
71 31 3e+06
72 31 3e+06
73 31 3e+06
74 31 3e+06
75 31 3e+06
76 31 3e+06
77 31 3e+06
78 31 4e+06
79 31 4e+06
80 31 3e+06
81 31 3e+06
82 31 3e+06
83 31 3e+06
84 31 4e+06
85 31 4e+06
86 31 4e+06
87 31 4e+06
88 31 4e+06
89 31 4e+06
90 31 3e+06
91 31 3e+06
92 31 3e+06
93 31 2e+06
94 31 2e+06
95 31 3e+06
96 31 3e+06
97 31 3e+06
98 31 3e+06
99 31 3e+06
100 31 3e+06
101 31 3e+06
102 31 3e+06
103 31 3e+06
104 31 3e+06
105 31 3e+06
106 31 3e+06
107 31 3e+06
108 31 4e+06
109 31 4e+06
110 31 4e+06
111 31 4e+06
112 31 4e+06
113 31 4e+06
114 31 4e+06
115 31 4e+06
116 31 4e+06
117 31 4e+06
118 31 4e+06
119 31 4e+06
120 31 4e+06
121 31 4e+06
122 31 3e+06
123 31 4e+06
124 31 3e+06
125 31 3e+06
126 31 3e+06
127 31 3e+06
