0 0 1e+06
1 0 1e+06
2 0 1e+06
3 0 1e+06
4 0 1e+06
5 0 9e+06
6 0 1e+06
7 0 1e+06
8 0 1e+06
9 0 1e+06
10 0 9e+06
11 0 1e+06
12 0 1e+06
13 0 1e+06
14 0 9e+06
15 0 1e+06
16 0 1e+06
17 0 9e+06
18 0 1e+06
19 0 1e+06
20 0 1e+06
21 0 1e+06
22 0 1e+06
23 0 1e+06
24 0 1e+06
25 0 1e+06
26 0 1e+06
27 0 1e+06
28 0 9e+06
29 0 1e+06
30 0 9e+06
31 0 9e+06
32 0 1e+06
33 0 9e+06
34 0 1e+06
35 0 1e+06
36 0 1e+06
37 0 1e+06
38 0 9e+06
39 0 1e+06
40 0 1e+06
41 0 1e+06
42 0 1e+06
43 0 1e+06
44 0 1e+06
45 0 1e+06
46 0 1e+06
47 0 1e+06
48 0 1e+06
49 0 1e+06
50 0 1e+06
51 0 1e+06
52 0 9e+06
53 0 1e+06
54 0 9e+06
55 0 1e+06
56 0 1e+06
57 0 1e+06
58 0 1e+06
59 0 9e+06
60 0 1e+06
61 0 1e+06
62 0 1e+06
63 0 1e+06
64 0 1e+06
65 0 1e+06
66 0 1e+06
67 0 1e+06
68 0 1e+06
69 0 1e+06
70 0 1e+06
71 0 1e+06
72 0 1e+06
73 0 1e+06
74 0 1e+06
75 0 1e+06
76 0 1e+06
77 0 1e+06
78 0 1e+06
79 0 1e+06
80 0 1e+06
81 0 9e+06
82 0 1e+06
83 0 1e+06
84 0 1e+06
85 0 1e+06
86 0 1e+06
87 0 1e+06
88 0 1e+06
89 0 1e+06
90 0 1e+06
91 0 1e+06
92 0 1e+06
93 0 9e+06
94 0 1e+06
95 0 1e+06
96 0 1e+06
97 0 9e+06
98 0 9e+06
99 0 1e+06
100 0 1e+06
101 0 1e+06
102 0 1e+06
103 0 1e+06
104 0 1e+06
105 0 1e+06
106 0 1e+06
107 0 1e+06
108 0 1e+06
109 0 1e+06
110 0 1e+06
111 0 1e+06
112 0 9e+06
113 0 1e+06
114 0 9e+06
115 0 1e+06
116 0 1e+06
117 0 9e+06
118 0 1e+06
119 0 1e+06
120 0 1e+06
121 0 1e+06
122 0 1e+06
123 0 9e+06
124 0 1e+06
125 0 1e+06
126 0 9e+06
127 0 1e+06
0 1 1e+06
1 1 1e+06
2 1 1e+06
3 1 1e+06
4 1 9e+06
5 1 1e+06
6 1 1e+06
7 1 1e+06
8 1 1e+06
9 1 9e+06
10 1 1e+06
11 1 1e+06
12 1 1e+06
13 1 9e+06
14 1 1e+06
15 1 1e+06
16 1 1e+06
17 1 9e+06
18 1 1e+06
19 1 1e+06
20 1 1e+06
21 1 1e+06
22 1 1e+06
23 1 1e+06
24 1 1e+06
25 1 1e+06
26 1 1e+06
27 1 1e+06
28 1 1e+06
29 1 9e+06
30 1 9e+06
31 1 1e+06
32 1 9e+06
33 1 1e+06
34 1 1e+06
35 1 1e+06
36 1 1e+06
37 1 1e+06
38 1 1e+06
39 1 9e+06
40 1 1e+06
41 1 1e+06
42 1 1e+06
43 1 1e+06
44 1 1e+06
45 1 1e+06
46 1 1e+06
47 1 1e+06
48 1 1e+06
49 1 1e+06
50 1 1e+06
51 1 1e+06
52 1 9e+06
53 1 9e+06
54 1 1e+06
55 1 1e+06
56 1 1e+06
57 1 1e+06
58 1 1e+06
59 1 1e+06
60 1 9e+06
61 1 1e+06
62 1 1e+06
63 1 1e+06
64 1 1e+06
65 1 1e+06
66 1 1e+06
67 1 1e+06
68 1 1e+06
69 1 1e+06
70 1 1e+06
71 1 1e+06
72 1 1e+06
73 1 1e+06
74 1 1e+06
75 1 1e+06
76 1 1e+06
77 1 1e+06
78 1 1e+06
79 1 1e+06
80 1 1e+06
81 1 9e+06
82 1 1e+06
83 1 1e+06
84 1 1e+06
85 1 1e+06
86 1 1e+06
87 1 1e+06
88 1 1e+06
89 1 1e+06
90 1 1e+06
91 1 1e+06
92 1 9e+06
93 1 1e+06
94 1 1e+06
95 1 1e+06
96 1 9e+06
97 1 9e+06
98 1 1e+06
99 1 1e+06
100 1 1e+06
101 1 1e+06
102 1 1e+06
103 1 1e+06
104 1 1e+06
105 1 1e+06
106 1 1e+06
107 1 1e+06
108 1 1e+06
109 1 1e+06
110 1 1e+06
111 1 1e+06
112 1 9e+06
113 1 1e+06
114 1 1e+06
115 1 9e+06
116 1 9e+06
117 1 1e+06
118 1 1e+06
119 1 1e+06
120 1 1e+06
121 1 1e+06
122 1 9e+06
123 1 1e+06
124 1 1e+06
125 1 9e+06
126 1 1e+06
127 1 1e+06
0 2 1e+06
1 2 1e+06
2 2 1e+06
3 2 9e+06
4 2 1e+06
5 2 1e+06
6 2 1e+06
7 2 1e+06
8 2 9e+06
9 2 1e+06
10 2 1e+06
11 2 1e+06
12 2 9e+06
13 2 1e+06
14 2 1e+06
15 2 1e+06
16 2 1e+06
17 2 9e+06
18 2 1e+06
19 2 1e+06
20 2 1e+06
21 2 1e+06
22 2 1e+06
23 2 1e+06
24 2 1e+06
25 2 1e+06
26 2 1e+06
27 2 1e+06
28 2 1e+06
29 2 1e+06
30 2 9e+06
31 2 9e+06
32 2 1e+06
33 2 9e+06
34 2 1e+06
35 2 1e+06
36 2 1e+06
37 2 1e+06
38 2 1e+06
39 2 1e+06
40 2 9e+06
41 2 1e+06
42 2 1e+06
43 2 1e+06
44 2 1e+06
45 2 1e+06
46 2 1e+06
47 2 1e+06
48 2 1e+06
49 2 1e+06
50 2 1e+06
51 2 1e+06
52 2 1e+06
53 2 9e+06
54 2 9e+06
55 2 1e+06
56 2 1e+06
57 2 1e+06
58 2 1e+06
59 2 1e+06
60 2 1e+06
61 2 9e+06
62 2 1e+06
63 2 1e+06
64 2 1e+06
65 2 1e+06
66 2 1e+06
67 2 1e+06
68 2 1e+06
69 2 1e+06
70 2 1e+06
71 2 1e+06
72 2 1e+06
73 2 1e+06
74 2 1e+06
75 2 1e+06
76 2 1e+06
77 2 1e+06
78 2 1e+06
79 2 1e+06
80 2 1e+06
81 2 9e+06
82 2 1e+06
83 2 1e+06
84 2 1e+06
85 2 1e+06
86 2 1e+06
87 2 1e+06
88 2 1e+06
89 2 1e+06
90 2 1e+06
91 2 9e+06
92 2 1e+06
93 2 1e+06
94 2 1e+06
95 2 1e+06
96 2 9e+06
97 2 9e+06
98 2 1e+06
99 2 1e+06
100 2 1e+06
101 2 1e+06
102 2 1e+06
103 2 1e+06
104 2 1e+06
105 2 1e+06
106 2 1e+06
107 2 1e+06
108 2 1e+06
109 2 1e+06
110 2 1e+06
111 2 1e+06
112 2 1e+06
113 2 9e+06
114 2 9e+06
115 2 1e+06
116 2 1e+06
117 2 9e+06
118 2 1e+06
119 2 1e+06
120 2 1e+06
121 2 1e+06
122 2 1e+06
123 2 9e+06
124 2 9e+06
125 2 1e+06
126 2 1e+06
127 2 1e+06
0 3 1e+06
1 3 1e+06
2 3 9e+06
3 3 1e+06
4 3 1e+06
5 3 1e+06
6 3 1e+06
7 3 1e+06
8 3 9e+06
9 3 1e+06
10 3 1e+06
11 3 1e+06
12 3 1e+06
13 3 9e+06
14 3 1e+06
15 3 1e+06
16 3 9e+06
17 3 1e+06
18 3 1e+06
19 3 1e+06
20 3 1e+06
21 3 1e+06
22 3 1e+06
23 3 1e+06
24 3 1e+06
25 3 1e+06
26 3 1e+06
27 3 1e+06
28 3 1e+06
29 3 1e+06
30 3 9e+06
31 3 1e+06
32 3 1e+06
33 3 9e+06
34 3 1e+06
35 3 1e+06
36 3 1e+06
37 3 1e+06
38 3 1e+06
39 3 9e+06
40 3 1e+06
41 3 1e+06
42 3 1e+06
43 3 1e+06
44 3 1e+06
45 3 1e+06
46 3 1e+06
47 3 1e+06
48 3 1e+06
49 3 1e+06
50 3 1e+06
51 3 1e+06
52 3 1e+06
53 3 9e+06
54 3 1e+06
55 3 1e+06
56 3 1e+06
57 3 1e+06
58 3 1e+06
59 3 1e+06
60 3 1e+06
61 3 1e+06
62 3 9e+06
63 3 1e+06
64 3 1e+06
65 3 1e+06
66 3 1e+06
67 3 1e+06
68 3 1e+06
69 3 1e+06
70 3 1e+06
71 3 1e+06
72 3 1e+06
73 3 1e+06
74 3 1e+06
75 3 1e+06
76 3 1e+06
77 3 1e+06
78 3 1e+06
79 3 1e+06
80 3 1e+06
81 3 1e+06
82 3 9e+06
83 3 1e+06
84 3 1e+06
85 3 1e+06
86 3 1e+06
87 3 1e+06
88 3 1e+06
89 3 1e+06
90 3 1e+06
91 3 1e+06
92 3 9e+06
93 3 1e+06
94 3 1e+06
95 3 9e+06
96 3 9e+06
97 3 1e+06
98 3 1e+06
99 3 1e+06
100 3 1e+06
101 3 1e+06
102 3 1e+06
103 3 1e+06
104 3 1e+06
105 3 1e+06
106 3 1e+06
107 3 1e+06
108 3 1e+06
109 3 1e+06
110 3 1e+06
111 3 1e+06
112 3 1e+06
113 3 1e+06
114 3 9e+06
115 3 1e+06
116 3 9e+06
117 3 1e+06
118 3 1e+06
119 3 1e+06
120 3 1e+06
121 3 1e+06
122 3 1e+06
123 3 9e+06
124 3 9e+06
125 3 1e+06
126 3 1e+06
127 3 1e+06
0 4 1e+06
1 4 9e+06
2 4 1e+06
3 4 1e+06
4 4 1e+06
5 4 1e+06
6 4 1e+06
7 4 9e+06
8 4 1e+06
9 4 1e+06
10 4 1e+06
11 4 1e+06
12 4 9e+06
13 4 1e+06
14 4 1e+06
15 4 9e+06
16 4 1e+06
17 4 1e+06
18 4 1e+06
19 4 1e+06
20 4 1e+06
21 4 1e+06
22 4 1e+06
23 4 1e+06
24 4 1e+06
25 4 1e+06
26 4 1e+06
27 4 1e+06
28 4 1e+06
29 4 9e+06
30 4 9e+06
31 4 1e+06
32 4 9e+06
33 4 1e+06
34 4 1e+06
35 4 1e+06
36 4 1e+06
37 4 1e+06
38 4 1e+06
39 4 9e+06
40 4 1e+06
41 4 1e+06
42 4 1e+06
43 4 1e+06
44 4 1e+06
45 4 1e+06
46 4 1e+06
47 4 1e+06
48 4 1e+06
49 4 1e+06
50 4 1e+06
51 4 1e+06
52 4 9e+06
53 4 1e+06
54 4 9e+06
55 4 1e+06
56 4 1e+06
57 4 1e+06
58 4 1e+06
59 4 1e+06
60 4 1e+06
61 4 1e+06
62 4 1e+06
63 4 9e+06
64 4 1e+06
65 4 1e+06
66 4 1e+06
67 4 1e+06
68 4 1e+06
69 4 1e+06
70 4 1e+06
71 4 1e+06
72 4 1e+06
73 4 1e+06
74 4 1e+06
75 4 1e+06
76 4 1e+06
77 4 1e+06
78 4 1e+06
79 4 1e+06
80 4 1e+06
81 4 1e+06
82 4 1e+06
83 4 9e+06
84 4 1e+06
85 4 1e+06
86 4 1e+06
87 4 1e+06
88 4 1e+06
89 4 1e+06
90 4 1e+06
91 4 9e+06
92 4 1e+06
93 4 1e+06
94 4 9e+06
95 4 1e+06
96 4 1e+06
97 4 9e+06
98 4 1e+06
99 4 1e+06
100 4 1e+06
101 4 1e+06
102 4 1e+06
103 4 1e+06
104 4 1e+06
105 4 1e+06
106 4 1e+06
107 4 1e+06
108 4 1e+06
109 4 1e+06
110 4 1e+06
111 4 1e+06
112 4 1e+06
113 4 1e+06
114 4 1e+06
115 4 9e+06
116 4 1e+06
117 4 9e+06
118 4 1e+06
119 4 1e+06
120 4 1e+06
121 4 1e+06
122 4 9e+06
123 4 1e+06
124 4 9e+06
125 4 1e+06
126 4 1e+06
127 4 1e+06
0 5 9e+06
1 5 1e+06
2 5 1e+06
3 5 1e+06
4 5 1e+06
5 5 1e+06
6 5 1e+06
7 5 9e+06
8 5 1e+06
9 5 1e+06
10 5 1e+06
11 5 1e+06
12 5 1e+06
13 5 9e+06
14 5 1e+06
15 5 9e+06
16 5 1e+06
17 5 1e+06
18 5 1e+06
19 5 1e+06
20 5 1e+06
21 5 1e+06
22 5 1e+06
23 5 1e+06
24 5 1e+06
25 5 1e+06
26 5 1e+06
27 5 1e+06
28 5 1e+06
29 5 1e+06
30 5 9e+06
31 5 9e+06
32 5 1e+06
33 5 1e+06
34 5 1e+06
35 5 1e+06
36 5 1e+06
37 5 1e+06
38 5 9e+06
39 5 1e+06
40 5 1e+06
41 5 1e+06
42 5 1e+06
43 5 1e+06
44 5 1e+06
45 5 1e+06
46 5 1e+06
47 5 1e+06
48 5 1e+06
49 5 1e+06
50 5 1e+06
51 5 9e+06
52 5 1e+06
53 5 1e+06
54 5 1e+06
55 5 9e+06
56 5 1e+06
57 5 1e+06
58 5 1e+06
59 5 1e+06
60 5 1e+06
61 5 1e+06
62 5 1e+06
63 5 9e+06
64 5 1e+06
65 5 1e+06
66 5 1e+06
67 5 1e+06
68 5 1e+06
69 5 1e+06
70 5 1e+06
71 5 1e+06
72 5 1e+06
73 5 1e+06
74 5 1e+06
75 5 1e+06
76 5 1e+06
77 5 1e+06
78 5 1e+06
79 5 1e+06
80 5 1e+06
81 5 1e+06
82 5 1e+06
83 5 9e+06
84 5 1e+06
85 5 1e+06
86 5 1e+06
87 5 1e+06
88 5 1e+06
89 5 1e+06
90 5 1e+06
91 5 9e+06
92 5 1e+06
93 5 9e+06
94 5 1e+06
95 5 1e+06
96 5 1e+06
97 5 1e+06
98 5 9e+06
99 5 1e+06
100 5 1e+06
101 5 1e+06
102 5 1e+06
103 5 1e+06
104 5 1e+06
105 5 1e+06
106 5 1e+06
107 5 1e+06
108 5 1e+06
109 5 1e+06
110 5 1e+06
111 5 1e+06
112 5 1e+06
113 5 1e+06
114 5 9e+06
115 5 1e+06
116 5 9e+06
117 5 1e+06
118 5 9e+06
119 5 1e+06
120 5 1e+06
121 5 1e+06
122 5 1e+06
123 5 9e+06
124 5 1e+06
125 5 9e+06
126 5 1e+06
127 5 1e+06
0 6 9e+06
1 6 1e+06
2 6 1e+06
3 6 1e+06
4 6 1e+06
5 6 1e+06
6 6 9e+06
7 6 1e+06
8 6 1e+06
9 6 1e+06
10 6 1e+06
11 6 1e+06
12 6 1e+06
13 6 9e+06
14 6 9e+06
15 6 1e+06
16 6 1e+06
17 6 1e+06
18 6 1e+06
19 6 1e+06
20 6 1e+06
21 6 1e+06
22 6 1e+06
23 6 1e+06
24 6 1e+06
25 6 1e+06
26 6 1e+06
27 6 1e+06
28 6 1e+06
29 6 9e+06
30 6 1e+06
31 6 9e+06
32 6 1e+06
33 6 1e+06
34 6 1e+06
35 6 1e+06
36 6 1e+06
37 6 9e+06
38 6 1e+06
39 6 1e+06
40 6 1e+06
41 6 1e+06
42 6 1e+06
43 6 1e+06
44 6 1e+06
45 6 1e+06
46 6 1e+06
47 6 1e+06
48 6 1e+06
49 6 1e+06
50 6 9e+06
51 6 1e+06
52 6 1e+06
53 6 1e+06
54 6 9e+06
55 6 1e+06
56 6 1e+06
57 6 1e+06
58 6 1e+06
59 6 1e+06
60 6 1e+06
61 6 1e+06
62 6 9e+06
63 6 1e+06
64 6 1e+06
65 6 1e+06
66 6 1e+06
67 6 1e+06
68 6 1e+06
69 6 1e+06
70 6 1e+06
71 6 1e+06
72 6 1e+06
73 6 1e+06
74 6 1e+06
75 6 1e+06
76 6 1e+06
77 6 1e+06
78 6 1e+06
79 6 1e+06
80 6 1e+06
81 6 1e+06
82 6 1e+06
83 6 9e+06
84 6 1e+06
85 6 1e+06
86 6 1e+06
87 6 1e+06
88 6 1e+06
89 6 1e+06
90 6 1e+06
91 6 1e+06
92 6 9e+06
93 6 1e+06
94 6 1e+06
95 6 1e+06
96 6 1e+06
97 6 9e+06
98 6 1e+06
99 6 1e+06
100 6 1e+06
101 6 1e+06
102 6 1e+06
103 6 1e+06
104 6 1e+06
105 6 1e+06
106 6 1e+06
107 6 1e+06
108 6 1e+06
109 6 1e+06
110 6 1e+06
111 6 1e+06
112 6 1e+06
113 6 9e+06
114 6 1e+06
115 6 1e+06
116 6 1e+06
117 6 9e+06
118 6 1e+06
119 6 1e+06
120 6 1e+06
121 6 1e+06
122 6 9e+06
123 6 1e+06
124 6 1e+06
125 6 9e+06
126 6 1e+06
127 6 1e+06
0 7 9e+06
1 7 1e+06
2 7 1e+06
3 7 1e+06
4 7 1e+06
5 7 9e+06
6 7 1e+06
7 7 1e+06
8 7 1e+06
9 7 1e+06
10 7 1e+06
11 7 1e+06
12 7 1e+06
13 7 1e+06
14 7 9e+06
15 7 9e+06
16 7 1e+06
17 7 1e+06
18 7 1e+06
19 7 1e+06
20 7 1e+06
21 7 1e+06
22 7 1e+06
23 7 1e+06
24 7 1e+06
25 7 1e+06
26 7 1e+06
27 7 1e+06
28 7 1e+06
29 7 1e+06
30 7 9e+06
31 7 1e+06
32 7 9e+06
33 7 1e+06
34 7 1e+06
35 7 1e+06
36 7 1e+06
37 7 9e+06
38 7 1e+06
39 7 1e+06
40 7 1e+06
41 7 1e+06
42 7 1e+06
43 7 1e+06
44 7 1e+06
45 7 1e+06
46 7 1e+06
47 7 1e+06
48 7 1e+06
49 7 1e+06
50 7 9e+06
51 7 1e+06
52 7 1e+06
53 7 9e+06
54 7 1e+06
55 7 1e+06
56 7 1e+06
57 7 1e+06
58 7 1e+06
59 7 1e+06
60 7 1e+06
61 7 1e+06
62 7 9e+06
63 7 1e+06
64 7 1e+06
65 7 1e+06
66 7 1e+06
67 7 1e+06
68 7 1e+06
69 7 1e+06
70 7 1e+06
71 7 1e+06
72 7 1e+06
73 7 1e+06
74 7 1e+06
75 7 1e+06
76 7 1e+06
77 7 1e+06
78 7 1e+06
79 7 1e+06
80 7 1e+06
81 7 1e+06
82 7 9e+06
83 7 1e+06
84 7 1e+06
85 7 1e+06
86 7 1e+06
87 7 1e+06
88 7 1e+06
89 7 1e+06
90 7 1e+06
91 7 9e+06
92 7 1e+06
93 7 9e+06
94 7 1e+06
95 7 1e+06
96 7 1e+06
97 7 9e+06
98 7 1e+06
99 7 1e+06
100 7 1e+06
101 7 1e+06
102 7 1e+06
103 7 1e+06
104 7 1e+06
105 7 1e+06
106 7 1e+06
107 7 1e+06
108 7 1e+06
109 7 1e+06
110 7 1e+06
111 7 1e+06
112 7 9e+06
113 7 1e+06
114 7 1e+06
115 7 1e+06
116 7 1e+06
117 7 9e+06
118 7 9e+06
119 7 1e+06
120 7 1e+06
121 7 9e+06
122 7 1e+06
123 7 1e+06
124 7 1e+06
125 7 1e+06
126 7 9e+06
127 7 1e+06
0 8 1e+06
1 8 9e+06
2 8 1e+06
3 8 1e+06
4 8 1e+06
5 8 1e+06
6 8 9e+06
7 8 1e+06
8 8 1e+06
9 8 1e+06
10 8 1e+06
11 8 1e+06
12 8 1e+06
13 8 9e+06
14 8 9e+06
15 8 1e+06
16 8 1e+06
17 8 1e+06
18 8 1e+06
19 8 1e+06
20 8 1e+06
21 8 1e+06
22 8 1e+06
23 8 1e+06
24 8 1e+06
25 8 1e+06
26 8 1e+06
27 8 1e+06
28 8 1e+06
29 8 9e+06
30 8 9e+06
31 8 1e+06
32 8 1e+06
33 8 9e+06
34 8 1e+06
35 8 1e+06
36 8 1e+06
37 8 1e+06
38 8 9e+06
39 8 1e+06
40 8 1e+06
41 8 1e+06
42 8 1e+06
43 8 1e+06
44 8 1e+06
45 8 1e+06
46 8 1e+06
47 8 1e+06
48 8 1e+06
49 8 1e+06
50 8 1e+06
51 8 9e+06
52 8 9e+06
53 8 1e+06
54 8 1e+06
55 8 1e+06
56 8 1e+06
57 8 1e+06
58 8 1e+06
59 8 1e+06
60 8 1e+06
61 8 1e+06
62 8 1e+06
63 8 9e+06
64 8 1e+06
65 8 1e+06
66 8 1e+06
67 8 1e+06
68 8 1e+06
69 8 1e+06
70 8 1e+06
71 8 1e+06
72 8 1e+06
73 8 1e+06
74 8 1e+06
75 8 1e+06
76 8 1e+06
77 8 1e+06
78 8 1e+06
79 8 1e+06
80 8 1e+06
81 8 9e+06
82 8 1e+06
83 8 1e+06
84 8 1e+06
85 8 1e+06
86 8 1e+06
87 8 1e+06
88 8 1e+06
89 8 1e+06
90 8 9e+06
91 8 1e+06
92 8 1e+06
93 8 1e+06
94 8 9e+06
95 8 1e+06
96 8 1e+06
97 8 1e+06
98 8 9e+06
99 8 1e+06
100 8 1e+06
101 8 1e+06
102 8 1e+06
103 8 1e+06
104 8 1e+06
105 8 1e+06
106 8 1e+06
107 8 1e+06
108 8 1e+06
109 8 1e+06
110 8 1e+06
111 8 1e+06
112 8 1e+06
113 8 9e+06
114 8 1e+06
115 8 1e+06
116 8 9e+06
117 8 1e+06
118 8 1e+06
119 8 9e+06
120 8 9e+06
121 8 1e+06
122 8 1e+06
123 8 1e+06
124 8 1e+06
125 8 1e+06
126 8 1e+06
127 8 9e+06
0 9 1e+06
1 9 1e+06
2 9 9e+06
3 9 1e+06
4 9 1e+06
5 9 1e+06
6 9 9e+06
7 9 1e+06
8 9 1e+06
9 9 1e+06
10 9 1e+06
11 9 1e+06
12 9 9e+06
13 9 1e+06
14 9 9e+06
15 9 1e+06
16 9 1e+06
17 9 1e+06
18 9 1e+06
19 9 1e+06
20 9 1e+06
21 9 1e+06
22 9 1e+06
23 9 1e+06
24 9 1e+06
25 9 1e+06
26 9 1e+06
27 9 1e+06
28 9 1e+06
29 9 1e+06
30 9 9e+06
31 9 1e+06
32 9 9e+06
33 9 1e+06
34 9 1e+06
35 9 1e+06
36 9 1e+06
37 9 1e+06
38 9 1e+06
39 9 9e+06
40 9 1e+06
41 9 1e+06
42 9 1e+06
43 9 1e+06
44 9 1e+06
45 9 1e+06
46 9 1e+06
47 9 1e+06
48 9 1e+06
49 9 1e+06
50 9 9e+06
51 9 1e+06
52 9 9e+06
53 9 1e+06
54 9 1e+06
55 9 1e+06
56 9 1e+06
57 9 1e+06
58 9 1e+06
59 9 1e+06
60 9 1e+06
61 9 1e+06
62 9 1e+06
63 9 1e+06
64 9 9e+06
65 9 1e+06
66 9 1e+06
67 9 1e+06
68 9 1e+06
69 9 1e+06
70 9 1e+06
71 9 1e+06
72 9 1e+06
73 9 1e+06
74 9 1e+06
75 9 1e+06
76 9 1e+06
77 9 1e+06
78 9 1e+06
79 9 1e+06
80 9 9e+06
81 9 1e+06
82 9 1e+06
83 9 1e+06
84 9 1e+06
85 9 1e+06
86 9 1e+06
87 9 1e+06
88 9 1e+06
89 9 9e+06
90 9 1e+06
91 9 1e+06
92 9 1e+06
93 9 1e+06
94 9 1e+06
95 9 9e+06
96 9 1e+06
97 9 1e+06
98 9 9e+06
99 9 1e+06
100 9 1e+06
101 9 1e+06
102 9 1e+06
103 9 1e+06
104 9 1e+06
105 9 1e+06
106 9 1e+06
107 9 1e+06
108 9 1e+06
109 9 1e+06
110 9 1e+06
111 9 1e+06
112 9 9e+06
113 9 1e+06
114 9 1e+06
115 9 1e+06
116 9 9e+06
117 9 1e+06
118 9 1e+06
119 9 9e+06
120 9 1e+06
121 9 1e+06
122 9 1e+06
123 9 1e+06
124 9 1e+06
125 9 1e+06
126 9 1e+06
127 9 9e+06
0 10 1e+06
1 10 9e+06
2 10 1e+06
3 10 1e+06
4 10 1e+06
5 10 1e+06
6 10 1e+06
7 10 9e+06
8 10 1e+06
9 10 1e+06
10 10 1e+06
11 10 9e+06
12 10 1e+06
13 10 1e+06
14 10 1e+06
15 10 9e+06
16 10 1e+06
17 10 1e+06
18 10 1e+06
19 10 1e+06
20 10 1e+06
21 10 1e+06
22 10 1e+06
23 10 1e+06
24 10 1e+06
25 10 1e+06
26 10 1e+06
27 10 1e+06
28 10 1e+06
29 10 9e+06
30 10 9e+06
31 10 9e+06
32 10 1e+06
33 10 9e+06
34 10 1e+06
35 10 1e+06
36 10 1e+06
37 10 1e+06
38 10 1e+06
39 10 9e+06
40 10 1e+06
41 10 1e+06
42 10 1e+06
43 10 1e+06
44 10 1e+06
45 10 1e+06
46 10 1e+06
47 10 1e+06
48 10 1e+06
49 10 1e+06
50 10 1e+06
51 10 9e+06
52 10 1e+06
53 10 1e+06
54 10 1e+06
55 10 1e+06
56 10 1e+06
57 10 1e+06
58 10 1e+06
59 10 1e+06
60 10 1e+06
61 10 1e+06
62 10 1e+06
63 10 1e+06
64 10 9e+06
65 10 1e+06
66 10 1e+06
67 10 1e+06
68 10 1e+06
69 10 1e+06
70 10 1e+06
71 10 1e+06
72 10 1e+06
73 10 1e+06
74 10 1e+06
75 10 1e+06
76 10 1e+06
77 10 1e+06
78 10 1e+06
79 10 1e+06
80 10 1e+06
81 10 9e+06
82 10 1e+06
83 10 1e+06
84 10 1e+06
85 10 1e+06
86 10 1e+06
87 10 1e+06
88 10 1e+06
89 10 1e+06
90 10 9e+06
91 10 1e+06
92 10 1e+06
93 10 1e+06
94 10 1e+06
95 10 1e+06
96 10 9e+06
97 10 1e+06
98 10 1e+06
99 10 9e+06
100 10 1e+06
101 10 1e+06
102 10 1e+06
103 10 1e+06
104 10 1e+06
105 10 1e+06
106 10 1e+06
107 10 1e+06
108 10 1e+06
109 10 1e+06
110 10 1e+06
111 10 9e+06
112 10 1e+06
113 10 1e+06
114 10 1e+06
115 10 1e+06
116 10 1e+06
117 10 9e+06
118 10 9e+06
119 10 1e+06
120 10 1e+06
121 10 1e+06
122 10 1e+06
123 10 1e+06
124 10 1e+06
125 10 1e+06
126 10 9e+06
127 10 1e+06
0 11 1e+06
1 11 9e+06
2 11 1e+06
3 11 1e+06
4 11 1e+06
5 11 1e+06
6 11 9e+06
7 11 1e+06
8 11 1e+06
9 11 1e+06
10 11 1e+06
11 11 1e+06
12 11 9e+06
13 11 1e+06
14 11 1e+06
15 11 9e+06
16 11 1e+06
17 11 1e+06
18 11 1e+06
19 11 1e+06
20 11 1e+06
21 11 1e+06
22 11 1e+06
23 11 1e+06
24 11 1e+06
25 11 1e+06
26 11 1e+06
27 11 1e+06
28 11 1e+06
29 11 9e+06
30 11 9e+06
31 11 1e+06
32 11 9e+06
33 11 1e+06
34 11 9e+06
35 11 1e+06
36 11 1e+06
37 11 1e+06
38 11 9e+06
39 11 1e+06
40 11 1e+06
41 11 1e+06
42 11 1e+06
43 11 1e+06
44 11 1e+06
45 11 1e+06
46 11 1e+06
47 11 1e+06
48 11 1e+06
49 11 1e+06
50 11 9e+06
51 11 1e+06
52 11 9e+06
53 11 1e+06
54 11 1e+06
55 11 1e+06
56 11 1e+06
57 11 1e+06
58 11 1e+06
59 11 1e+06
60 11 1e+06
61 11 1e+06
62 11 1e+06
63 11 1e+06
64 11 1e+06
65 11 9e+06
66 11 1e+06
67 11 1e+06
68 11 1e+06
69 11 1e+06
70 11 1e+06
71 11 1e+06
72 11 1e+06
73 11 1e+06
74 11 1e+06
75 11 1e+06
76 11 1e+06
77 11 1e+06
78 11 1e+06
79 11 1e+06
80 11 1e+06
81 11 1e+06
82 11 9e+06
83 11 1e+06
84 11 1e+06
85 11 1e+06
86 11 1e+06
87 11 1e+06
88 11 1e+06
89 11 1e+06
90 11 9e+06
91 11 1e+06
92 11 1e+06
93 11 1e+06
94 11 1e+06
95 11 1e+06
96 11 9e+06
97 11 1e+06
98 11 9e+06
99 11 1e+06
100 11 1e+06
101 11 1e+06
102 11 1e+06
103 11 1e+06
104 11 1e+06
105 11 1e+06
106 11 1e+06
107 11 1e+06
108 11 1e+06
109 11 1e+06
110 11 1e+06
111 11 1e+06
112 11 9e+06
113 11 1e+06
114 11 1e+06
115 11 1e+06
116 11 1e+06
117 11 9e+06
118 11 9e+06
119 11 1e+06
120 11 1e+06
121 11 1e+06
122 11 1e+06
123 11 1e+06
124 11 1e+06
125 11 1e+06
126 11 1e+06
127 11 9e+06
0 12 1e+06
1 12 1e+06
2 12 9e+06
3 12 1e+06
4 12 1e+06
5 12 9e+06
6 12 1e+06
7 12 1e+06
8 12 1e+06
9 12 1e+06
10 12 1e+06
11 12 1e+06
12 12 1e+06
13 12 9e+06
14 12 1e+06
15 12 1e+06
16 12 9e+06
17 12 1e+06
18 12 1e+06
19 12 1e+06
20 12 1e+06
21 12 1e+06
22 12 1e+06
23 12 1e+06
24 12 1e+06
25 12 1e+06
26 12 1e+06
27 12 1e+06
28 12 1e+06
29 12 9e+06
30 12 1e+06
31 12 9e+06
32 12 1e+06
33 12 9e+06
34 12 1e+06
35 12 1e+06
36 12 1e+06
37 12 1e+06
38 12 1e+06
39 12 9e+06
40 12 1e+06
41 12 1e+06
42 12 1e+06
43 12 1e+06
44 12 1e+06
45 12 1e+06
46 12 1e+06
47 12 1e+06
48 12 1e+06
49 12 1e+06
50 12 1e+06
51 12 9e+06
52 12 1e+06
53 12 9e+06
54 12 1e+06
55 12 1e+06
56 12 1e+06
57 12 1e+06
58 12 1e+06
59 12 1e+06
60 12 1e+06
61 12 1e+06
62 12 1e+06
63 12 1e+06
64 12 9e+06
65 12 1e+06
66 12 1e+06
67 12 1e+06
68 12 1e+06
69 12 1e+06
70 12 1e+06
71 12 1e+06
72 12 1e+06
73 12 1e+06
74 12 1e+06
75 12 1e+06
76 12 1e+06
77 12 1e+06
78 12 1e+06
79 12 1e+06
80 12 1e+06
81 12 1e+06
82 12 1e+06
83 12 9e+06
84 12 1e+06
85 12 1e+06
86 12 1e+06
87 12 1e+06
88 12 1e+06
89 12 9e+06
90 12 1e+06
91 12 1e+06
92 12 1e+06
93 12 1e+06
94 12 1e+06
95 12 9e+06
96 12 1e+06
97 12 9e+06
98 12 1e+06
99 12 1e+06
100 12 1e+06
101 12 1e+06
102 12 1e+06
103 12 1e+06
104 12 1e+06
105 12 1e+06
106 12 1e+06
107 12 1e+06
108 12 1e+06
109 12 1e+06
110 12 1e+06
111 12 9e+06
112 12 1e+06
113 12 1e+06
114 12 1e+06
115 12 1e+06
116 12 9e+06
117 12 9e+06
118 12 1e+06
119 12 9e+06
120 12 1e+06
121 12 1e+06
122 12 1e+06
123 12 1e+06
124 12 1e+06
125 12 1e+06
126 12 1e+06
127 12 9e+06
0 13 1e+06
1 13 1e+06
2 13 1e+06
3 13 9e+06
4 13 9e+06
5 13 1e+06
6 13 1e+06
7 13 1e+06
8 13 1e+06
9 13 1e+06
10 13 1e+06
11 13 1e+06
12 13 9e+06
13 13 1e+06
14 13 1e+06
15 13 9e+06
16 13 1e+06
17 13 1e+06
18 13 1e+06
19 13 1e+06
20 13 1e+06
21 13 1e+06
22 13 1e+06
23 13 1e+06
24 13 1e+06
25 13 1e+06
26 13 1e+06
27 13 1e+06
28 13 9e+06
29 13 1e+06
30 13 1e+06
31 13 1e+06
32 13 9e+06
33 13 1e+06
34 13 9e+06
35 13 1e+06
36 13 1e+06
37 13 1e+06
38 13 1e+06
39 13 1e+06
40 13 9e+06
41 13 1e+06
42 13 1e+06
43 13 1e+06
44 13 1e+06
45 13 1e+06
46 13 1e+06
47 13 1e+06
48 13 1e+06
49 13 1e+06
50 13 1e+06
51 13 1e+06
52 13 9e+06
53 13 1e+06
54 13 9e+06
55 13 1e+06
56 13 1e+06
57 13 1e+06
58 13 1e+06
59 13 1e+06
60 13 1e+06
61 13 1e+06
62 13 1e+06
63 13 1e+06
64 13 9e+06
65 13 1e+06
66 13 1e+06
67 13 1e+06
68 13 1e+06
69 13 1e+06
70 13 1e+06
71 13 1e+06
72 13 1e+06
73 13 1e+06
74 13 1e+06
75 13 1e+06
76 13 1e+06
77 13 1e+06
78 13 1e+06
79 13 1e+06
80 13 1e+06
81 13 1e+06
82 13 9e+06
83 13 1e+06
84 13 1e+06
85 13 1e+06
86 13 1e+06
87 13 1e+06
88 13 1e+06
89 13 1e+06
90 13 9e+06
91 13 1e+06
92 13 1e+06
93 13 1e+06
94 13 1e+06
95 13 9e+06
96 13 9e+06
97 13 1e+06
98 13 1e+06
99 13 1e+06
100 13 1e+06
101 13 1e+06
102 13 1e+06
103 13 1e+06
104 13 1e+06
105 13 1e+06
106 13 1e+06
107 13 1e+06
108 13 1e+06
109 13 1e+06
110 13 1e+06
111 13 1e+06
112 13 9e+06
113 13 1e+06
114 13 1e+06
115 13 1e+06
116 13 9e+06
117 13 9e+06
118 13 9e+06
119 13 1e+06
120 13 1e+06
121 13 1e+06
122 13 1e+06
123 13 1e+06
124 13 1e+06
125 13 1e+06
126 13 1e+06
127 13 9e+06
0 14 1e+06
1 14 1e+06
2 14 1e+06
3 14 9e+06
4 14 1e+06
5 14 9e+06
6 14 1e+06
7 14 1e+06
8 14 1e+06
9 14 1e+06
10 14 1e+06
11 14 1e+06
12 14 9e+06
13 14 1e+06
14 14 1e+06
15 14 1e+06
16 14 9e+06
17 14 1e+06
18 14 1e+06
19 14 1e+06
20 14 1e+06
21 14 1e+06
22 14 1e+06
23 14 1e+06
24 14 1e+06
25 14 1e+06
26 14 1e+06
27 14 1e+06
28 14 1e+06
29 14 9e+06
30 14 1e+06
31 14 9e+06
32 14 9e+06
33 14 1e+06
34 14 1e+06
35 14 9e+06
36 14 1e+06
37 14 1e+06
38 14 1e+06
39 14 9e+06
40 14 1e+06
41 14 1e+06
42 14 1e+06
43 14 1e+06
44 14 1e+06
45 14 1e+06
46 14 1e+06
47 14 1e+06
48 14 1e+06
49 14 1e+06
50 14 1e+06
51 14 1e+06
52 14 9e+06
53 14 9e+06
54 14 1e+06
55 14 1e+06
56 14 1e+06
57 14 1e+06
58 14 1e+06
59 14 1e+06
60 14 1e+06
61 14 1e+06
62 14 1e+06
63 14 9e+06
64 14 1e+06
65 14 1e+06
66 14 1e+06
67 14 1e+06
68 14 1e+06
69 14 1e+06
70 14 1e+06
71 14 1e+06
72 14 1e+06
73 14 1e+06
74 14 1e+06
75 14 1e+06
76 14 1e+06
77 14 1e+06
78 14 1e+06
79 14 1e+06
80 14 1e+06
81 14 9e+06
82 14 1e+06
83 14 1e+06
84 14 1e+06
85 14 1e+06
86 14 1e+06
87 14 1e+06
88 14 1e+06
89 14 1e+06
90 14 1e+06
91 14 9e+06
92 14 1e+06
93 14 1e+06
94 14 1e+06
95 14 9e+06
96 14 1e+06
97 14 9e+06
98 14 1e+06
99 14 1e+06
100 14 1e+06
101 14 1e+06
102 14 1e+06
103 14 1e+06
104 14 1e+06
105 14 1e+06
106 14 1e+06
107 14 1e+06
108 14 1e+06
109 14 1e+06
110 14 1e+06
111 14 9e+06
112 14 1e+06
113 14 1e+06
114 14 1e+06
115 14 9e+06
116 14 1e+06
117 14 1e+06
118 14 9e+06
119 14 9e+06
120 14 1e+06
121 14 1e+06
122 14 1e+06
123 14 1e+06
124 14 1e+06
125 14 1e+06
126 14 1e+06
127 14 9e+06
0 15 1e+06
1 15 1e+06
2 15 1e+06
3 15 9e+06
4 15 1e+06
5 15 1e+06
6 15 9e+06
7 15 1e+06
8 15 1e+06
9 15 1e+06
10 15 1e+06
11 15 1e+06
12 15 9e+06
13 15 1e+06
14 15 1e+06
15 15 9e+06
16 15 1e+06
17 15 1e+06
18 15 1e+06
19 15 1e+06
20 15 1e+06
21 15 1e+06
22 15 1e+06
23 15 1e+06
24 15 1e+06
25 15 1e+06
26 15 1e+06
27 15 1e+06
28 15 1e+06
29 15 1e+06
30 15 9e+06
31 15 9e+06
32 15 1e+06
33 15 1e+06
34 15 1e+06
35 15 1e+06
36 15 9e+06
37 15 1e+06
38 15 9e+06
39 15 1e+06
40 15 1e+06
41 15 1e+06
42 15 1e+06
43 15 1e+06
44 15 1e+06
45 15 1e+06
46 15 1e+06
47 15 1e+06
48 15 1e+06
49 15 1e+06
50 15 1e+06
51 15 9e+06
52 15 1e+06
53 15 9e+06
54 15 1e+06
55 15 1e+06
56 15 1e+06
57 15 1e+06
58 15 1e+06
59 15 1e+06
60 15 1e+06
61 15 1e+06
62 15 9e+06
63 15 1e+06
64 15 1e+06
65 15 1e+06
66 15 1e+06
67 15 1e+06
68 15 1e+06
69 15 1e+06
70 15 1e+06
71 15 1e+06
72 15 1e+06
73 15 1e+06
74 15 1e+06
75 15 1e+06
76 15 1e+06
77 15 1e+06
78 15 1e+06
79 15 1e+06
80 15 1e+06
81 15 1e+06
82 15 9e+06
83 15 1e+06
84 15 1e+06
85 15 1e+06
86 15 1e+06
87 15 1e+06
88 15 1e+06
89 15 1e+06
90 15 9e+06
91 15 1e+06
92 15 1e+06
93 15 1e+06
94 15 1e+06
95 15 1e+06
96 15 9e+06
97 15 1e+06
98 15 9e+06
99 15 1e+06
100 15 1e+06
101 15 1e+06
102 15 1e+06
103 15 1e+06
104 15 1e+06
105 15 1e+06
106 15 1e+06
107 15 1e+06
108 15 1e+06
109 15 1e+06
110 15 9e+06
111 15 1e+06
112 15 1e+06
113 15 1e+06
114 15 9e+06
115 15 1e+06
116 15 1e+06
117 15 1e+06
118 15 9e+06
119 15 1e+06
120 15 9e+06
121 15 1e+06
122 15 1e+06
123 15 1e+06
124 15 1e+06
125 15 1e+06
126 15 9e+06
127 15 1e+06
0 16 1e+06
1 16 1e+06
2 16 1e+06
3 16 1e+06
4 16 9e+06
5 16 1e+06
6 16 1e+06
7 16 9e+06
8 16 1e+06
9 16 1e+06
10 16 1e+06
11 16 1e+06
12 16 9e+06
13 16 1e+06
14 16 1e+06
15 16 1e+06
16 16 9e+06
17 16 1e+06
18 16 1e+06
19 16 1e+06
20 16 1e+06
21 16 1e+06
22 16 1e+06
23 16 1e+06
24 16 1e+06
25 16 1e+06
26 16 1e+06
27 16 1e+06
28 16 1e+06
29 16 9e+06
30 16 1e+06
31 16 9e+06
32 16 9e+06
33 16 1e+06
34 16 1e+06
35 16 9e+06
36 16 1e+06
37 16 1e+06
38 16 1e+06
39 16 9e+06
40 16 1e+06
41 16 1e+06
42 16 1e+06
43 16 1e+06
44 16 1e+06
45 16 1e+06
46 16 1e+06
47 16 1e+06
48 16 1e+06
49 16 1e+06
50 16 9e+06
51 16 1e+06
52 16 9e+06
53 16 1e+06
54 16 1e+06
55 16 1e+06
56 16 1e+06
57 16 1e+06
58 16 1e+06
59 16 1e+06
60 16 1e+06
61 16 9e+06
62 16 1e+06
63 16 1e+06
64 16 1e+06
65 16 1e+06
66 16 1e+06
67 16 1e+06
68 16 1e+06
69 16 1e+06
70 16 1e+06
71 16 1e+06
72 16 1e+06
73 16 1e+06
74 16 1e+06
75 16 1e+06
76 16 1e+06
77 16 1e+06
78 16 1e+06
79 16 1e+06
80 16 1e+06
81 16 9e+06
82 16 1e+06
83 16 1e+06
84 16 1e+06
85 16 1e+06
86 16 1e+06
87 16 1e+06
88 16 1e+06
89 16 9e+06
90 16 1e+06
91 16 1e+06
92 16 1e+06
93 16 1e+06
94 16 1e+06
95 16 1e+06
96 16 9e+06
97 16 1e+06
98 16 1e+06
99 16 9e+06
100 16 1e+06
101 16 1e+06
102 16 1e+06
103 16 1e+06
104 16 1e+06
105 16 1e+06
106 16 1e+06
107 16 1e+06
108 16 1e+06
109 16 1e+06
110 16 9e+06
111 16 1e+06
112 16 1e+06
113 16 1e+06
114 16 9e+06
115 16 1e+06
116 16 1e+06
117 16 1e+06
118 16 1e+06
119 16 9e+06
120 16 9e+06
121 16 1e+06
122 16 1e+06
123 16 1e+06
124 16 1e+06
125 16 9e+06
126 16 1e+06
127 16 1e+06
0 17 1e+06
1 17 1e+06
2 17 1e+06
3 17 9e+06
4 17 1e+06
5 17 1e+06
6 17 9e+06
7 17 1e+06
8 17 1e+06
9 17 1e+06
10 17 1e+06
11 17 9e+06
12 17 1e+06
13 17 1e+06
14 17 1e+06
15 17 9e+06
16 17 1e+06
17 17 1e+06
18 17 1e+06
19 17 1e+06
20 17 1e+06
21 17 1e+06
22 17 1e+06
23 17 1e+06
24 17 1e+06
25 17 1e+06
26 17 1e+06
27 17 1e+06
28 17 1e+06
29 17 1e+06
30 17 9e+06
31 17 9e+06
32 17 9e+06
33 17 1e+06
34 17 1e+06
35 17 9e+06
36 17 1e+06
37 17 1e+06
38 17 1e+06
39 17 9e+06
40 17 1e+06
41 17 1e+06
42 17 1e+06
43 17 1e+06
44 17 1e+06
45 17 1e+06
46 17 1e+06
47 17 1e+06
48 17 1e+06
49 17 1e+06
50 17 1e+06
51 17 9e+06
52 17 1e+06
53 17 9e+06
54 17 1e+06
55 17 1e+06
56 17 1e+06
57 17 1e+06
58 17 1e+06
59 17 1e+06
60 17 1e+06
61 17 9e+06
62 17 1e+06
63 17 1e+06
64 17 1e+06
65 17 1e+06
66 17 1e+06
67 17 1e+06
68 17 1e+06
69 17 1e+06
70 17 1e+06
71 17 1e+06
72 17 1e+06
73 17 1e+06
74 17 1e+06
75 17 1e+06
76 17 1e+06
77 17 1e+06
78 17 1e+06
79 17 1e+06
80 17 1e+06
81 17 9e+06
82 17 1e+06
83 17 1e+06
84 17 1e+06
85 17 1e+06
86 17 1e+06
87 17 1e+06
88 17 1e+06
89 17 1e+06
90 17 9e+06
91 17 1e+06
92 17 1e+06
93 17 1e+06
94 17 1e+06
95 17 1e+06
96 17 1e+06
97 17 9e+06
98 17 9e+06
99 17 1e+06
100 17 1e+06
101 17 1e+06
102 17 1e+06
103 17 1e+06
104 17 1e+06
105 17 1e+06
106 17 1e+06
107 17 1e+06
108 17 1e+06
109 17 9e+06
110 17 1e+06
111 17 1e+06
112 17 1e+06
113 17 9e+06
114 17 1e+06
115 17 1e+06
116 17 1e+06
117 17 1e+06
118 17 9e+06
119 17 9e+06
120 17 1e+06
121 17 1e+06
122 17 1e+06
123 17 1e+06
124 17 1e+06
125 17 1e+06
126 17 9e+06
127 17 1e+06
0 18 1e+06
1 18 1e+06
2 18 9e+06
3 18 1e+06
4 18 1e+06
5 18 1e+06
6 18 1e+06
7 18 9e+06
8 18 1e+06
9 18 1e+06
10 18 1e+06
11 18 1e+06
12 18 9e+06
13 18 1e+06
14 18 9e+06
15 18 1e+06
16 18 1e+06
17 18 1e+06
18 18 1e+06
19 18 1e+06
20 18 1e+06
21 18 1e+06
22 18 1e+06
23 18 1e+06
24 18 1e+06
25 18 1e+06
26 18 1e+06
27 18 1e+06
28 18 1e+06
29 18 9e+06
30 18 1e+06
31 18 1e+06
32 18 9e+06
33 18 9e+06
34 18 9e+06
35 18 1e+06
36 18 1e+06
37 18 1e+06
38 18 1e+06
39 18 1e+06
40 18 9e+06
41 18 1e+06
42 18 1e+06
43 18 1e+06
44 18 1e+06
45 18 1e+06
46 18 1e+06
47 18 1e+06
48 18 1e+06
49 18 1e+06
50 18 9e+06
51 18 1e+06
52 18 1e+06
53 18 1e+06
54 18 9e+06
55 18 1e+06
56 18 1e+06
57 18 1e+06
58 18 1e+06
59 18 1e+06
60 18 1e+06
61 18 1e+06
62 18 9e+06
63 18 1e+06
64 18 1e+06
65 18 1e+06
66 18 1e+06
67 18 1e+06
68 18 1e+06
69 18 1e+06
70 18 1e+06
71 18 1e+06
72 18 1e+06
73 18 1e+06
74 18 1e+06
75 18 1e+06
76 18 1e+06
77 18 1e+06
78 18 1e+06
79 18 1e+06
80 18 9e+06
81 18 1e+06
82 18 1e+06
83 18 1e+06
84 18 1e+06
85 18 1e+06
86 18 1e+06
87 18 1e+06
88 18 1e+06
89 18 1e+06
90 18 1e+06
91 18 9e+06
92 18 1e+06
93 18 1e+06
94 18 1e+06
95 18 1e+06
96 18 9e+06
97 18 1e+06
98 18 1e+06
99 18 9e+06
100 18 1e+06
101 18 1e+06
102 18 1e+06
103 18 1e+06
104 18 1e+06
105 18 1e+06
106 18 1e+06
107 18 1e+06
108 18 1e+06
109 18 1e+06
110 18 9e+06
111 18 1e+06
112 18 9e+06
113 18 1e+06
114 18 1e+06
115 18 1e+06
116 18 1e+06
117 18 1e+06
118 18 9e+06
119 18 9e+06
120 18 1e+06
121 18 1e+06
122 18 1e+06
123 18 1e+06
124 18 1e+06
125 18 1e+06
126 18 9e+06
127 18 1e+06
0 19 1e+06
1 19 9e+06
2 19 1e+06
3 19 1e+06
4 19 1e+06
5 19 1e+06
6 19 1e+06
7 19 9e+06
8 19 1e+06
9 19 1e+06
10 19 1e+06
11 19 1e+06
12 19 9e+06
13 19 1e+06
14 19 9e+06
15 19 1e+06
16 19 1e+06
17 19 1e+06
18 19 1e+06
19 19 1e+06
20 19 1e+06
21 19 1e+06
22 19 1e+06
23 19 1e+06
24 19 1e+06
25 19 1e+06
26 19 1e+06
27 19 1e+06
28 19 1e+06
29 19 9e+06
30 19 1e+06
31 19 1e+06
32 19 9e+06
33 19 9e+06
34 19 1e+06
35 19 1e+06
36 19 1e+06
37 19 1e+06
38 19 1e+06
39 19 1e+06
40 19 9e+06
41 19 1e+06
42 19 1e+06
43 19 1e+06
44 19 1e+06
45 19 1e+06
46 19 1e+06
47 19 1e+06
48 19 1e+06
49 19 9e+06
50 19 1e+06
51 19 1e+06
52 19 1e+06
53 19 1e+06
54 19 9e+06
55 19 1e+06
56 19 1e+06
57 19 1e+06
58 19 1e+06
59 19 1e+06
60 19 1e+06
61 19 9e+06
62 19 1e+06
63 19 1e+06
64 19 1e+06
65 19 1e+06
66 19 1e+06
67 19 1e+06
68 19 1e+06
69 19 1e+06
70 19 1e+06
71 19 1e+06
72 19 1e+06
73 19 1e+06
74 19 1e+06
75 19 1e+06
76 19 1e+06
77 19 1e+06
78 19 1e+06
79 19 1e+06
80 19 1e+06
81 19 9e+06
82 19 1e+06
83 19 1e+06
84 19 1e+06
85 19 1e+06
86 19 1e+06
87 19 1e+06
88 19 1e+06
89 19 1e+06
90 19 1e+06
91 19 1e+06
92 19 9e+06
93 19 1e+06
94 19 1e+06
95 19 1e+06
96 19 9e+06
97 19 1e+06
98 19 1e+06
99 19 1e+06
100 19 9e+06
101 19 1e+06
102 19 1e+06
103 19 1e+06
104 19 1e+06
105 19 1e+06
106 19 1e+06
107 19 1e+06
108 19 1e+06
109 19 1e+06
110 19 1e+06
111 19 9e+06
112 19 1e+06
113 19 9e+06
114 19 1e+06
115 19 1e+06
116 19 1e+06
117 19 9e+06
118 19 1e+06
119 19 1e+06
120 19 9e+06
121 19 1e+06
122 19 1e+06
123 19 1e+06
124 19 1e+06
125 19 1e+06
126 19 1e+06
127 19 9e+06
0 20 9e+06
1 20 1e+06
2 20 1e+06
3 20 1e+06
4 20 1e+06
5 20 1e+06
6 20 1e+06
7 20 1e+06
8 20 9e+06
9 20 1e+06
10 20 1e+06
11 20 1e+06
12 20 1e+06
13 20 9e+06
14 20 1e+06
15 20 9e+06
16 20 1e+06
17 20 1e+06
18 20 1e+06
19 20 1e+06
20 20 1e+06
21 20 1e+06
22 20 1e+06
23 20 1e+06
24 20 1e+06
25 20 1e+06
26 20 1e+06
27 20 1e+06
28 20 9e+06
29 20 1e+06
30 20 1e+06
31 20 9e+06
32 20 9e+06
33 20 9e+06
34 20 1e+06
35 20 1e+06
36 20 1e+06
37 20 1e+06
38 20 1e+06
39 20 1e+06
40 20 9e+06
41 20 1e+06
42 20 1e+06
43 20 1e+06
44 20 1e+06
45 20 1e+06
46 20 1e+06
47 20 1e+06
48 20 1e+06
49 20 1e+06
50 20 9e+06
51 20 1e+06
52 20 1e+06
53 20 1e+06
54 20 1e+06
55 20 9e+06
56 20 1e+06
57 20 1e+06
58 20 1e+06
59 20 1e+06
60 20 1e+06
61 20 1e+06
62 20 9e+06
63 20 1e+06
64 20 1e+06
65 20 1e+06
66 20 1e+06
67 20 1e+06
68 20 1e+06
69 20 1e+06
70 20 1e+06
71 20 1e+06
72 20 1e+06
73 20 1e+06
74 20 1e+06
75 20 1e+06
76 20 1e+06
77 20 1e+06
78 20 1e+06
79 20 1e+06
80 20 9e+06
81 20 1e+06
82 20 1e+06
83 20 1e+06
84 20 1e+06
85 20 1e+06
86 20 1e+06
87 20 1e+06
88 20 1e+06
89 20 1e+06
90 20 1e+06
91 20 9e+06
92 20 1e+06
93 20 1e+06
94 20 1e+06
95 20 9e+06
96 20 1e+06
97 20 1e+06
98 20 1e+06
99 20 1e+06
100 20 1e+06
101 20 9e+06
102 20 1e+06
103 20 1e+06
104 20 1e+06
105 20 1e+06
106 20 1e+06
107 20 1e+06
108 20 1e+06
109 20 1e+06
110 20 1e+06
111 20 1e+06
112 20 9e+06
113 20 1e+06
114 20 1e+06
115 20 1e+06
116 20 1e+06
117 20 1e+06
118 20 9e+06
119 20 1e+06
120 20 1e+06
121 20 9e+06
122 20 1e+06
123 20 1e+06
124 20 1e+06
125 20 1e+06
126 20 9e+06
127 20 1e+06
0 21 1e+06
1 21 9e+06
2 21 1e+06
3 21 1e+06
4 21 1e+06
5 21 1e+06
6 21 1e+06
7 21 1e+06
8 21 1e+06
9 21 9e+06
10 21 1e+06
11 21 1e+06
12 21 9e+06
13 21 1e+06
14 21 1e+06
15 21 1e+06
16 21 9e+06
17 21 1e+06
18 21 1e+06
19 21 1e+06
20 21 1e+06
21 21 1e+06
22 21 1e+06
23 21 1e+06
24 21 1e+06
25 21 1e+06
26 21 1e+06
27 21 1e+06
28 21 1e+06
29 21 9e+06
30 21 9e+06
31 21 9e+06
32 21 1e+06
33 21 1e+06
34 21 9e+06
35 21 1e+06
36 21 1e+06
37 21 1e+06
38 21 1e+06
39 21 1e+06
40 21 1e+06
41 21 9e+06
42 21 1e+06
43 21 1e+06
44 21 1e+06
45 21 1e+06
46 21 1e+06
47 21 1e+06
48 21 1e+06
49 21 9e+06
50 21 1e+06
51 21 1e+06
52 21 1e+06
53 21 1e+06
54 21 1e+06
55 21 9e+06
56 21 1e+06
57 21 1e+06
58 21 1e+06
59 21 1e+06
60 21 1e+06
61 21 1e+06
62 21 9e+06
63 21 1e+06
64 21 1e+06
65 21 1e+06
66 21 1e+06
67 21 1e+06
68 21 1e+06
69 21 1e+06
70 21 1e+06
71 21 1e+06
72 21 1e+06
73 21 1e+06
74 21 1e+06
75 21 1e+06
76 21 1e+06
77 21 1e+06
78 21 1e+06
79 21 1e+06
80 21 1e+06
81 21 9e+06
82 21 1e+06
83 21 1e+06
84 21 1e+06
85 21 1e+06
86 21 1e+06
87 21 1e+06
88 21 1e+06
89 21 1e+06
90 21 9e+06
91 21 1e+06
92 21 1e+06
93 21 1e+06
94 21 1e+06
95 21 1e+06
96 21 9e+06
97 21 1e+06
98 21 1e+06
99 21 1e+06
100 21 9e+06
101 21 1e+06
102 21 1e+06
103 21 1e+06
104 21 1e+06
105 21 1e+06
106 21 1e+06
107 21 1e+06
108 21 1e+06
109 21 1e+06
110 21 1e+06
111 21 9e+06
112 21 1e+06
113 21 9e+06
114 21 1e+06
115 21 1e+06
116 21 1e+06
117 21 1e+06
118 21 1e+06
119 21 9e+06
120 21 1e+06
121 21 1e+06
122 21 9e+06
123 21 1e+06
124 21 1e+06
125 21 1e+06
126 21 1e+06
127 21 9e+06
0 22 1e+06
1 22 1e+06
2 22 9e+06
3 22 1e+06
4 22 1e+06
5 22 1e+06
6 22 1e+06
7 22 1e+06
8 22 9e+06
9 22 1e+06
10 22 1e+06
11 22 9e+06
12 22 1e+06
13 22 1e+06
14 22 1e+06
15 22 1e+06
16 22 9e+06
17 22 1e+06
18 22 1e+06
19 22 1e+06
20 22 1e+06
21 22 1e+06
22 22 1e+06
23 22 1e+06
24 22 1e+06
25 22 1e+06
26 22 1e+06
27 22 1e+06
28 22 1e+06
29 22 1e+06
30 22 9e+06
31 22 9e+06
32 22 9e+06
33 22 1e+06
34 22 1e+06
35 22 9e+06
36 22 1e+06
37 22 1e+06
38 22 1e+06
39 22 1e+06
40 22 1e+06
41 22 1e+06
42 22 9e+06
43 22 1e+06
44 22 1e+06
45 22 1e+06
46 22 1e+06
47 22 1e+06
48 22 1e+06
49 22 1e+06
50 22 9e+06
51 22 1e+06
52 22 1e+06
53 22 1e+06
54 22 1e+06
55 22 1e+06
56 22 9e+06
57 22 1e+06
58 22 1e+06
59 22 1e+06
60 22 1e+06
61 22 1e+06
62 22 1e+06
63 22 9e+06
64 22 1e+06
65 22 1e+06
66 22 1e+06
67 22 1e+06
68 22 1e+06
69 22 1e+06
70 22 1e+06
71 22 1e+06
72 22 1e+06
73 22 1e+06
74 22 1e+06
75 22 1e+06
76 22 1e+06
77 22 1e+06
78 22 1e+06
79 22 1e+06
80 22 1e+06
81 22 9e+06
82 22 1e+06
83 22 1e+06
84 22 1e+06
85 22 1e+06
86 22 1e+06
87 22 1e+06
88 22 1e+06
89 22 1e+06
90 22 1e+06
91 22 9e+06
92 22 1e+06
93 22 1e+06
94 22 1e+06
95 22 9e+06
96 22 1e+06
97 22 1e+06
98 22 1e+06
99 22 1e+06
100 22 1e+06
101 22 9e+06
102 22 1e+06
103 22 1e+06
104 22 1e+06
105 22 1e+06
106 22 1e+06
107 22 1e+06
108 22 1e+06
109 22 1e+06
110 22 9e+06
111 22 1e+06
112 22 1e+06
113 22 1e+06
114 22 9e+06
115 22 1e+06
116 22 1e+06
117 22 1e+06
118 22 1e+06
119 22 1e+06
120 22 9e+06
121 22 9e+06
122 22 1e+06
123 22 1e+06
124 22 1e+06
125 22 1e+06
126 22 1e+06
127 22 9e+06
0 23 1e+06
1 23 9e+06
2 23 1e+06
3 23 1e+06
4 23 1e+06
5 23 1e+06
6 23 1e+06
7 23 1e+06
8 23 1e+06
9 23 9e+06
10 23 9e+06
11 23 1e+06
12 23 1e+06
13 23 1e+06
14 23 1e+06
15 23 1e+06
16 23 9e+06
17 23 1e+06
18 23 1e+06
19 23 1e+06
20 23 1e+06
21 23 1e+06
22 23 1e+06
23 23 1e+06
24 23 1e+06
25 23 1e+06
26 23 1e+06
27 23 1e+06
28 23 1e+06
29 23 1e+06
30 23 9e+06
31 23 9e+06
32 23 1e+06
33 23 1e+06
34 23 9e+06
35 23 1e+06
36 23 1e+06
37 23 1e+06
38 23 1e+06
39 23 1e+06
40 23 1e+06
41 23 1e+06
42 23 1e+06
43 23 9e+06
44 23 1e+06
45 23 1e+06
46 23 1e+06
47 23 1e+06
48 23 1e+06
49 23 9e+06
50 23 1e+06
51 23 1e+06
52 23 1e+06
53 23 1e+06
54 23 1e+06
55 23 1e+06
56 23 1e+06
57 23 9e+06
58 23 1e+06
59 23 1e+06
60 23 1e+06
61 23 1e+06
62 23 1e+06
63 23 1e+06
64 23 9e+06
65 23 1e+06
66 23 1e+06
67 23 1e+06
68 23 1e+06
69 23 1e+06
70 23 1e+06
71 23 1e+06
72 23 1e+06
73 23 1e+06
74 23 1e+06
75 23 1e+06
76 23 1e+06
77 23 1e+06
78 23 1e+06
79 23 1e+06
80 23 1e+06
81 23 1e+06
82 23 9e+06
83 23 1e+06
84 23 1e+06
85 23 1e+06
86 23 1e+06
87 23 1e+06
88 23 1e+06
89 23 1e+06
90 23 9e+06
91 23 1e+06
92 23 1e+06
93 23 1e+06
94 23 9e+06
95 23 1e+06
96 23 1e+06
97 23 1e+06
98 23 1e+06
99 23 1e+06
100 23 1e+06
101 23 9e+06
102 23 1e+06
103 23 1e+06
104 23 1e+06
105 23 1e+06
106 23 1e+06
107 23 1e+06
108 23 1e+06
109 23 1e+06
110 23 1e+06
111 23 9e+06
112 23 1e+06
113 23 1e+06
114 23 1e+06
115 23 9e+06
116 23 1e+06
117 23 1e+06
118 23 1e+06
119 23 9e+06
120 23 1e+06
121 23 9e+06
122 23 1e+06
123 23 1e+06
124 23 1e+06
125 23 1e+06
126 23 1e+06
127 23 9e+06
0 24 1e+06
1 24 1e+06
2 24 9e+06
3 24 1e+06
4 24 1e+06
5 24 1e+06
6 24 1e+06
7 24 1e+06
8 24 1e+06
9 24 9e+06
10 24 9e+06
11 24 1e+06
12 24 1e+06
13 24 1e+06
14 24 1e+06
15 24 1e+06
16 24 1e+06
17 24 9e+06
18 24 1e+06
19 24 1e+06
20 24 1e+06
21 24 1e+06
22 24 1e+06
23 24 1e+06
24 24 1e+06
25 24 1e+06
26 24 1e+06
27 24 1e+06
28 24 1e+06
29 24 1e+06
30 24 9e+06
31 24 1e+06
32 24 9e+06
33 24 1e+06
34 24 1e+06
35 24 9e+06
36 24 1e+06
37 24 1e+06
38 24 1e+06
39 24 1e+06
40 24 1e+06
41 24 1e+06
42 24 9e+06
43 24 1e+06
44 24 1e+06
45 24 1e+06
46 24 1e+06
47 24 1e+06
48 24 9e+06
49 24 1e+06
50 24 1e+06
51 24 1e+06
52 24 1e+06
53 24 1e+06
54 24 1e+06
55 24 1e+06
56 24 9e+06
57 24 1e+06
58 24 1e+06
59 24 1e+06
60 24 1e+06
61 24 1e+06
62 24 1e+06
63 24 1e+06
64 24 9e+06
65 24 1e+06
66 24 1e+06
67 24 1e+06
68 24 1e+06
69 24 1e+06
70 24 1e+06
71 24 1e+06
72 24 1e+06
73 24 1e+06
74 24 1e+06
75 24 1e+06
76 24 1e+06
77 24 1e+06
78 24 1e+06
79 24 1e+06
80 24 1e+06
81 24 9e+06
82 24 1e+06
83 24 1e+06
84 24 1e+06
85 24 1e+06
86 24 1e+06
87 24 1e+06
88 24 1e+06
89 24 1e+06
90 24 9e+06
91 24 1e+06
92 24 1e+06
93 24 1e+06
94 24 1e+06
95 24 9e+06
96 24 1e+06
97 24 1e+06
98 24 1e+06
99 24 1e+06
100 24 1e+06
101 24 9e+06
102 24 1e+06
103 24 1e+06
104 24 1e+06
105 24 1e+06
106 24 1e+06
107 24 1e+06
108 24 1e+06
109 24 1e+06
110 24 9e+06
111 24 1e+06
112 24 1e+06
113 24 1e+06
114 24 1e+06
115 24 9e+06
116 24 1e+06
117 24 1e+06
118 24 9e+06
119 24 1e+06
120 24 1e+06
121 24 1e+06
122 24 9e+06
123 24 1e+06
124 24 1e+06
125 24 1e+06
126 24 1e+06
127 24 9e+06
0 25 1e+06
1 25 1e+06
2 25 1e+06
3 25 9e+06
4 25 1e+06
5 25 1e+06
6 25 1e+06
7 25 1e+06
8 25 9e+06
9 25 1e+06
10 25 1e+06
11 25 9e+06
12 25 1e+06
13 25 1e+06
14 25 1e+06
15 25 1e+06
16 25 9e+06
17 25 1e+06
18 25 1e+06
19 25 1e+06
20 25 1e+06
21 25 1e+06
22 25 1e+06
23 25 1e+06
24 25 1e+06
25 25 1e+06
26 25 1e+06
27 25 1e+06
28 25 1e+06
29 25 1e+06
30 25 9e+06
31 25 9e+06
32 25 9e+06
33 25 1e+06
34 25 1e+06
35 25 9e+06
36 25 1e+06
37 25 1e+06
38 25 1e+06
39 25 1e+06
40 25 1e+06
41 25 9e+06
42 25 1e+06
43 25 1e+06
44 25 1e+06
45 25 1e+06
46 25 1e+06
47 25 1e+06
48 25 1e+06
49 25 9e+06
50 25 1e+06
51 25 1e+06
52 25 1e+06
53 25 1e+06
54 25 1e+06
55 25 9e+06
56 25 1e+06
57 25 1e+06
58 25 1e+06
59 25 1e+06
60 25 1e+06
61 25 1e+06
62 25 1e+06
63 25 9e+06
64 25 1e+06
65 25 1e+06
66 25 1e+06
67 25 1e+06
68 25 1e+06
69 25 1e+06
70 25 1e+06
71 25 1e+06
72 25 1e+06
73 25 1e+06
74 25 1e+06
75 25 1e+06
76 25 1e+06
77 25 1e+06
78 25 1e+06
79 25 1e+06
80 25 9e+06
81 25 1e+06
82 25 1e+06
83 25 1e+06
84 25 1e+06
85 25 1e+06
86 25 1e+06
87 25 1e+06
88 25 1e+06
89 25 9e+06
90 25 1e+06
91 25 1e+06
92 25 1e+06
93 25 1e+06
94 25 9e+06
95 25 1e+06
96 25 1e+06
97 25 1e+06
98 25 1e+06
99 25 1e+06
100 25 1e+06
101 25 1e+06
102 25 9e+06
103 25 1e+06
104 25 1e+06
105 25 1e+06
106 25 1e+06
107 25 1e+06
108 25 1e+06
109 25 1e+06
110 25 9e+06
111 25 1e+06
112 25 1e+06
113 25 1e+06
114 25 9e+06
115 25 1e+06
116 25 1e+06
117 25 1e+06
118 25 1e+06
119 25 9e+06
120 25 1e+06
121 25 1e+06
122 25 1e+06
123 25 9e+06
124 25 1e+06
125 25 1e+06
126 25 1e+06
127 25 9e+06
0 26 1e+06
1 26 1e+06
2 26 9e+06
3 26 1e+06
4 26 1e+06
5 26 1e+06
6 26 1e+06
7 26 9e+06
8 26 1e+06
9 26 1e+06
10 26 1e+06
11 26 1e+06
12 26 9e+06
13 26 1e+06
14 26 1e+06
15 26 1e+06
16 26 1e+06
17 26 9e+06
18 26 1e+06
19 26 1e+06
20 26 1e+06
21 26 1e+06
22 26 1e+06
23 26 1e+06
24 26 1e+06
25 26 1e+06
26 26 1e+06
27 26 1e+06
28 26 1e+06
29 26 9e+06
30 26 9e+06
31 26 9e+06
32 26 1e+06
33 26 1e+06
34 26 9e+06
35 26 1e+06
36 26 1e+06
37 26 1e+06
38 26 1e+06
39 26 1e+06
40 26 9e+06
41 26 1e+06
42 26 1e+06
43 26 1e+06
44 26 1e+06
45 26 1e+06
46 26 1e+06
47 26 1e+06
48 26 1e+06
49 26 1e+06
50 26 9e+06
51 26 1e+06
52 26 1e+06
53 26 1e+06
54 26 1e+06
55 26 1e+06
56 26 9e+06
57 26 1e+06
58 26 1e+06
59 26 1e+06
60 26 1e+06
61 26 1e+06
62 26 9e+06
63 26 1e+06
64 26 1e+06
65 26 1e+06
66 26 1e+06
67 26 1e+06
68 26 1e+06
69 26 1e+06
70 26 1e+06
71 26 1e+06
72 26 1e+06
73 26 1e+06
74 26 1e+06
75 26 1e+06
76 26 1e+06
77 26 1e+06
78 26 1e+06
79 26 9e+06
80 26 1e+06
81 26 1e+06
82 26 1e+06
83 26 1e+06
84 26 1e+06
85 26 1e+06
86 26 1e+06
87 26 1e+06
88 26 1e+06
89 26 1e+06
90 26 9e+06
91 26 1e+06
92 26 1e+06
93 26 1e+06
94 26 1e+06
95 26 9e+06
96 26 1e+06
97 26 1e+06
98 26 1e+06
99 26 1e+06
100 26 1e+06
101 26 1e+06
102 26 1e+06
103 26 9e+06
104 26 1e+06
105 26 1e+06
106 26 1e+06
107 26 1e+06
108 26 1e+06
109 26 9e+06
110 26 1e+06
111 26 1e+06
112 26 1e+06
113 26 1e+06
114 26 9e+06
115 26 1e+06
116 26 1e+06
117 26 1e+06
118 26 9e+06
119 26 1e+06
120 26 1e+06
121 26 1e+06
122 26 9e+06
123 26 1e+06
124 26 1e+06
125 26 1e+06
126 26 9e+06
127 26 1e+06
0 27 1e+06
1 27 1e+06
2 27 1e+06
3 27 9e+06
4 27 1e+06
5 27 1e+06
6 27 1e+06
7 27 1e+06
8 27 9e+06
9 27 1e+06
10 27 1e+06
11 27 9e+06
12 27 1e+06
13 27 1e+06
14 27 1e+06
15 27 1e+06
16 27 1e+06
17 27 1e+06
18 27 9e+06
19 27 1e+06
20 27 1e+06
21 27 1e+06
22 27 1e+06
23 27 1e+06
24 27 1e+06
25 27 1e+06
26 27 1e+06
27 27 1e+06
28 27 1e+06
29 27 9e+06
30 27 9e+06
31 27 1e+06
32 27 9e+06
33 27 9e+06
34 27 1e+06
35 27 1e+06
36 27 1e+06
37 27 1e+06
38 27 1e+06
39 27 1e+06
40 27 9e+06
41 27 1e+06
42 27 1e+06
43 27 1e+06
44 27 1e+06
45 27 1e+06
46 27 1e+06
47 27 1e+06
48 27 1e+06
49 27 9e+06
50 27 1e+06
51 27 1e+06
52 27 1e+06
53 27 1e+06
54 27 1e+06
55 27 1e+06
56 27 1e+06
57 27 9e+06
58 27 1e+06
59 27 1e+06
60 27 1e+06
61 27 9e+06
62 27 1e+06
63 27 1e+06
64 27 1e+06
65 27 1e+06
66 27 1e+06
67 27 1e+06
68 27 1e+06
69 27 1e+06
70 27 1e+06
71 27 1e+06
72 27 1e+06
73 27 1e+06
74 27 1e+06
75 27 1e+06
76 27 1e+06
77 27 1e+06
78 27 1e+06
79 27 9e+06
80 27 1e+06
81 27 1e+06
82 27 1e+06
83 27 1e+06
84 27 1e+06
85 27 1e+06
86 27 1e+06
87 27 1e+06
88 27 1e+06
89 27 9e+06
90 27 1e+06
91 27 1e+06
92 27 1e+06
93 27 1e+06
94 27 1e+06
95 27 1e+06
96 27 9e+06
97 27 1e+06
98 27 1e+06
99 27 1e+06
100 27 1e+06
101 27 1e+06
102 27 9e+06
103 27 1e+06
104 27 1e+06
105 27 1e+06
106 27 1e+06
107 27 1e+06
108 27 1e+06
109 27 1e+06
110 27 9e+06
111 27 1e+06
112 27 1e+06
113 27 1e+06
114 27 9e+06
115 27 1e+06
116 27 1e+06
117 27 9e+06
118 27 1e+06
119 27 1e+06
120 27 1e+06
121 27 1e+06
122 27 1e+06
123 27 9e+06
124 27 1e+06
125 27 1e+06
126 27 9e+06
127 27 1e+06
0 28 1e+06
1 28 1e+06
2 28 1e+06
3 28 9e+06
4 28 1e+06
5 28 1e+06
6 28 1e+06
7 28 1e+06
8 28 1e+06
9 28 9e+06
10 28 9e+06
11 28 1e+06
12 28 1e+06
13 28 1e+06
14 28 1e+06
15 28 1e+06
16 28 1e+06
17 28 1e+06
18 28 9e+06
19 28 1e+06
20 28 1e+06
21 28 1e+06
22 28 1e+06
23 28 1e+06
24 28 1e+06
25 28 1e+06
26 28 1e+06
27 28 1e+06
28 28 1e+06
29 28 9e+06
30 28 1e+06
31 28 9e+06
32 28 9e+06
33 28 9e+06
34 28 1e+06
35 28 1e+06
36 28 1e+06
37 28 1e+06
38 28 1e+06
39 28 1e+06
40 28 9e+06
41 28 1e+06
42 28 1e+06
43 28 1e+06
44 28 1e+06
45 28 1e+06
46 28 1e+06
47 28 1e+06
48 28 9e+06
49 28 1e+06
50 28 1e+06
51 28 1e+06
52 28 1e+06
53 28 1e+06
54 28 1e+06
55 28 1e+06
56 28 9e+06
57 28 1e+06
58 28 1e+06
59 28 1e+06
60 28 1e+06
61 28 1e+06
62 28 9e+06
63 28 1e+06
64 28 1e+06
65 28 1e+06
66 28 1e+06
67 28 1e+06
68 28 1e+06
69 28 1e+06
70 28 1e+06
71 28 1e+06
72 28 1e+06
73 28 1e+06
74 28 1e+06
75 28 1e+06
76 28 1e+06
77 28 1e+06
78 28 1e+06
79 28 1e+06
80 28 9e+06
81 28 1e+06
82 28 1e+06
83 28 1e+06
84 28 1e+06
85 28 1e+06
86 28 1e+06
87 28 1e+06
88 28 9e+06
89 28 1e+06
90 28 1e+06
91 28 1e+06
92 28 1e+06
93 28 1e+06
94 28 1e+06
95 28 1e+06
96 28 1e+06
97 28 9e+06
98 28 1e+06
99 28 1e+06
100 28 1e+06
101 28 1e+06
102 28 1e+06
103 28 9e+06
104 28 1e+06
105 28 1e+06
106 28 1e+06
107 28 1e+06
108 28 1e+06
109 28 1e+06
110 28 9e+06
111 28 1e+06
112 28 1e+06
113 28 1e+06
114 28 9e+06
115 28 1e+06
116 28 1e+06
117 28 9e+06
118 28 1e+06
119 28 1e+06
120 28 1e+06
121 28 1e+06
122 28 1e+06
123 28 1e+06
124 28 9e+06
125 28 1e+06
126 28 1e+06
127 28 9e+06
0 29 1e+06
1 29 1e+06
2 29 9e+06
3 29 1e+06
4 29 1e+06
5 29 1e+06
6 29 1e+06
7 29 1e+06
8 29 1e+06
9 29 1e+06
10 29 9e+06
11 29 9e+06
12 29 1e+06
13 29 1e+06
14 29 1e+06
15 29 1e+06
16 29 1e+06
17 29 9e+06
18 29 1e+06
19 29 1e+06
20 29 1e+06
21 29 1e+06
22 29 1e+06
23 29 1e+06
24 29 1e+06
25 29 1e+06
26 29 1e+06
27 29 1e+06
28 29 9e+06
29 29 1e+06
30 29 1e+06
31 29 9e+06
32 29 9e+06
33 29 1e+06
34 29 9e+06
35 29 1e+06
36 29 1e+06
37 29 1e+06
38 29 1e+06
39 29 9e+06
40 29 1e+06
41 29 1e+06
42 29 1e+06
43 29 1e+06
44 29 1e+06
45 29 1e+06
46 29 1e+06
47 29 1e+06
48 29 1e+06
49 29 9e+06
50 29 1e+06
51 29 1e+06
52 29 1e+06
53 29 1e+06
54 29 1e+06
55 29 9e+06
56 29 1e+06
57 29 1e+06
58 29 1e+06
59 29 1e+06
60 29 1e+06
61 29 1e+06
62 29 1e+06
63 29 9e+06
64 29 1e+06
65 29 1e+06
66 29 1e+06
67 29 1e+06
68 29 1e+06
69 29 1e+06
70 29 1e+06
71 29 1e+06
72 29 1e+06
73 29 1e+06
74 29 1e+06
75 29 1e+06
76 29 1e+06
77 29 1e+06
78 29 1e+06
79 29 1e+06
80 29 1e+06
81 29 9e+06
82 29 1e+06
83 29 1e+06
84 29 1e+06
85 29 1e+06
86 29 1e+06
87 29 1e+06
88 29 1e+06
89 29 9e+06
90 29 1e+06
91 29 1e+06
92 29 1e+06
93 29 1e+06
94 29 1e+06
95 29 1e+06
96 29 1e+06
97 29 1e+06
98 29 9e+06
99 29 1e+06
100 29 1e+06
101 29 1e+06
102 29 1e+06
103 29 9e+06
104 29 1e+06
105 29 1e+06
106 29 1e+06
107 29 1e+06
108 29 1e+06
109 29 9e+06
110 29 1e+06
111 29 1e+06
112 29 1e+06
113 29 1e+06
114 29 1e+06
115 29 9e+06
116 29 1e+06
117 29 9e+06
118 29 1e+06
119 29 1e+06
120 29 1e+06
121 29 1e+06
122 29 1e+06
123 29 1e+06
124 29 1e+06
125 29 9e+06
126 29 1e+06
127 29 9e+06
0 30 1e+06
1 30 9e+06
2 30 1e+06
3 30 1e+06
4 30 1e+06
5 30 1e+06
6 30 1e+06
7 30 1e+06
8 30 1e+06
9 30 9e+06
10 30 1e+06
11 30 9e+06
12 30 1e+06
13 30 1e+06
14 30 1e+06
15 30 1e+06
16 30 1e+06
17 30 9e+06
18 30 1e+06
19 30 1e+06
20 30 1e+06
21 30 1e+06
22 30 1e+06
23 30 1e+06
24 30 1e+06
25 30 1e+06
26 30 1e+06
27 30 9e+06
28 30 1e+06
29 30 1e+06
30 30 1e+06
31 30 1e+06
32 30 9e+06
33 30 9e+06
34 30 1e+06
35 30 9e+06
36 30 1e+06
37 30 1e+06
38 30 9e+06
39 30 1e+06
40 30 1e+06
41 30 1e+06
42 30 1e+06
43 30 1e+06
44 30 1e+06
45 30 1e+06
46 30 1e+06
47 30 1e+06
48 30 1e+06
49 30 1e+06
50 30 9e+06
51 30 1e+06
52 30 1e+06
53 30 1e+06
54 30 9e+06
55 30 1e+06
56 30 1e+06
57 30 1e+06
58 30 1e+06
59 30 1e+06
60 30 1e+06
61 30 1e+06
62 30 1e+06
63 30 9e+06
64 30 1e+06
65 30 1e+06
66 30 1e+06
67 30 1e+06
68 30 1e+06
69 30 1e+06
70 30 1e+06
71 30 1e+06
72 30 1e+06
73 30 1e+06
74 30 1e+06
75 30 1e+06
76 30 1e+06
77 30 1e+06
78 30 1e+06
79 30 1e+06
80 30 1e+06
81 30 1e+06
82 30 9e+06
83 30 1e+06
84 30 1e+06
85 30 1e+06
86 30 1e+06
87 30 1e+06
88 30 9e+06
89 30 1e+06
90 30 1e+06
91 30 1e+06
92 30 1e+06
93 30 1e+06
94 30 1e+06
95 30 1e+06
96 30 1e+06
97 30 9e+06
98 30 1e+06
99 30 1e+06
100 30 1e+06
101 30 1e+06
102 30 9e+06
103 30 1e+06
104 30 1e+06
105 30 1e+06
106 30 1e+06
107 30 1e+06
108 30 1e+06
109 30 1e+06
110 30 9e+06
111 30 1e+06
112 30 1e+06
113 30 1e+06
114 30 9e+06
115 30 1e+06
116 30 1e+06
117 30 1e+06
118 30 9e+06
119 30 1e+06
120 30 1e+06
121 30 1e+06
122 30 1e+06
123 30 1e+06
124 30 1e+06
125 30 1e+06
126 30 9e+06
127 30 9e+06
0 31 9e+06
1 31 1e+06
2 31 1e+06
3 31 1e+06
4 31 1e+06
5 31 1e+06
6 31 1e+06
7 31 1e+06
8 31 1e+06
9 31 1e+06
10 31 9e+06
11 31 1e+06
12 31 9e+06
13 31 1e+06
14 31 1e+06
15 31 1e+06
16 31 1e+06
17 31 1e+06
18 31 9e+06
19 31 1e+06
20 31 1e+06
21 31 1e+06
22 31 1e+06
23 31 1e+06
24 31 1e+06
25 31 1e+06
26 31 9e+06
27 31 1e+06
28 31 1e+06
29 31 1e+06
30 31 1e+06
31 31 9e+06
32 31 9e+06
33 31 1e+06
34 31 1e+06
35 31 1e+06
36 31 9e+06
37 31 1e+06
38 31 1e+06
39 31 9e+06
40 31 1e+06
41 31 1e+06
42 31 1e+06
43 31 1e+06
44 31 1e+06
45 31 1e+06
46 31 1e+06
47 31 1e+06
48 31 1e+06
49 31 9e+06
50 31 1e+06
51 31 1e+06
52 31 1e+06
53 31 9e+06
54 31 1e+06
55 31 1e+06
56 31 1e+06
57 31 1e+06
58 31 1e+06
59 31 1e+06
60 31 1e+06
61 31 1e+06
62 31 9e+06
63 31 1e+06
64 31 1e+06
65 31 1e+06
66 31 1e+06
67 31 1e+06
68 31 1e+06
69 31 1e+06
70 31 1e+06
71 31 1e+06
72 31 1e+06
73 31 1e+06
74 31 1e+06
75 31 1e+06
76 31 1e+06
77 31 1e+06
78 31 1e+06
79 31 1e+06
80 31 1e+06
81 31 1e+06
82 31 1e+06
83 31 9e+06
84 31 1e+06
85 31 1e+06
86 31 1e+06
87 31 1e+06
88 31 1e+06
89 31 9e+06
90 31 1e+06
91 31 1e+06
92 31 1e+06
93 31 1e+06
94 31 1e+06
95 31 1e+06
96 31 9e+06
97 31 1e+06
98 31 1e+06
99 31 1e+06
100 31 1e+06
101 31 9e+06
102 31 1e+06
103 31 1e+06
104 31 1e+06
105 31 1e+06
106 31 1e+06
107 31 1e+06
108 31 1e+06
109 31 1e+06
110 31 9e+06
111 31 1e+06
112 31 1e+06
113 31 9e+06
114 31 1e+06
115 31 1e+06
116 31 1e+06
117 31 1e+06
118 31 1e+06
119 31 9e+06
120 31 1e+06
121 31 1e+06
122 31 1e+06
123 31 1e+06
124 31 1e+06
125 31 1e+06
126 31 9e+06
127 31 9e+06
