0 0 8e+05
1 0 1e+06
2 0 7e+05
3 0 1e+06
4 0 1e+06
5 0 9e+05
6 0 1e+06
7 0 7e+05
8 0 1e+06
9 0 8e+05
10 0 2e+06
11 0 1e+06
12 0 8e+05
13 0 1e+06
14 0 1e+06
15 0 1e+06
16 0 1e+06
17 0 2e+06
18 0 9e+05
19 0 2e+06
20 0 1e+06
21 0 2e+06
22 0 2e+06
23 0 1e+06
24 0 1e+06
25 0 1e+06
26 0 9e+05
27 0 2e+06
28 0 1e+06
29 0 1e+06
30 0 8e+05
31 0 9e+05
32 0 2e+06
33 0 1e+06
34 0 9e+05
35 0 2e+06
36 0 1e+06
37 0 1e+06
38 0 2e+06
39 0 7e+05
40 0 7e+05
41 0 2e+06
42 0 7e+05
43 0 1e+06
44 0 1e+06
45 0 1e+06
46 0 9e+05
47 0 1e+06
48 0 6e+05
49 0 2e+06
50 0 1e+06
51 0 7e+05
52 0 1e+06
53 0 7e+05
54 0 1e+06
55 0 9e+05
56 0 8e+05
57 0 7e+05
58 0 2e+06
59 0 2e+06
60 0 7e+05
61 0 8e+05
62 0 1e+06
63 0 2e+06
64 0 2e+06
65 0 1e+06
66 0 7e+05
67 0 9e+05
68 0 1e+06
69 0 1e+06
70 0 1e+06
71 0 1e+06
72 0 1e+06
73 0 1e+06
74 0 2e+06
75 0 8e+05
76 0 1e+06
77 0 1e+06
78 0 9e+05
79 0 1e+06
80 0 7e+05
81 0 2e+06
82 0 7e+05
83 0 2e+06
84 0 7e+05
85 0 8e+05
86 0 7e+05
87 0 1e+06
88 0 9e+05
89 0 6e+05
90 0 7e+05
91 0 1e+06
92 0 1e+06
93 0 2e+06
94 0 2e+06
95 0 1e+06
96 0 1e+06
97 0 7e+05
98 0 1e+06
99 0 1e+06
100 0 2e+06
101 0 1e+06
102 0 1e+06
103 0 8e+05
104 0 2e+06
105 0 9e+05
106 0 1e+06
107 0 2e+06
108 0 7e+05
109 0 1e+06
110 0 2e+06
111 0 1e+06
112 0 1e+06
113 0 2e+06
114 0 1e+06
115 0 1e+06
116 0 1e+06
117 0 1e+06
118 0 1e+06
119 0 1e+06
120 0 2e+06
121 0 1e+06
122 0 7e+05
123 0 2e+06
124 0 9e+05
125 0 1e+06
126 0 1e+06
127 0 1e+06
0 1 7e+05
1 1 2e+06
2 1 6e+05
3 1 1e+06
4 1 8e+05
5 1 1e+06
6 1 1e+06
7 1 6e+05
8 1 1e+06
9 1 1e+06
10 1 1e+06
11 1 1e+06
12 1 6e+05
13 1 1e+06
14 1 1e+06
15 1 1e+06
16 1 9e+05
17 1 9e+05
18 1 2e+06
19 1 8e+05
20 1 1e+06
21 1 2e+06
22 1 2e+06
23 1 1e+06
24 1 1e+06
25 1 2e+06
26 1 2e+06
27 1 1e+06
28 1 1e+06
29 1 1e+06
30 1 9e+05
31 1 8e+05
32 1 2e+06
33 1 7e+05
34 1 6e+05
35 1 2e+06
36 1 7e+05
37 1 1e+06
38 1 6e+05
39 1 8e+05
40 1 1e+06
41 1 9e+05
42 1 9e+05
43 1 8e+05
44 1 1e+06
45 1 1e+06
46 1 2e+06
47 1 1e+06
48 1 9e+05
49 1 1e+06
50 1 1e+06
51 1 1e+06
52 1 8e+05
53 1 1e+06
54 1 1e+06
55 1 1e+06
56 1 2e+06
57 1 1e+06
58 1 1e+06
59 1 1e+06
60 1 1e+06
61 1 8e+05
62 1 7e+05
63 1 2e+06
64 1 1e+06
65 1 1e+06
66 1 6e+05
67 1 2e+06
68 1 2e+06
69 1 2e+06
70 1 1e+06
71 1 1e+06
72 1 1e+06
73 1 8e+05
74 1 1e+06
75 1 2e+06
76 1 7e+05
77 1 2e+06
78 1 1e+06
79 1 1e+06
80 1 1e+06
81 1 1e+06
82 1 1e+06
83 1 1e+06
84 1 9e+05
85 1 7e+05
86 1 8e+05
87 1 1e+06
88 1 1e+06
89 1 1e+06
90 1 6e+05
91 1 1e+06
92 1 2e+06
93 1 8e+05
94 1 2e+06
95 1 1e+06
96 1 7e+05
97 1 7e+05
98 1 2e+06
99 1 1e+06
100 1 1e+06
101 1 1e+06
102 1 2e+06
103 1 2e+06
104 1 9e+05
105 1 2e+06
106 1 9e+05
107 1 2e+06
108 1 1e+06
109 1 1e+06
110 1 1e+06
111 1 9e+05
112 1 2e+06
113 1 1e+06
114 1 1e+06
115 1 1e+06
116 1 7e+05
117 1 1e+06
118 1 7e+05
119 1 1e+06
120 1 8e+05
121 1 2e+06
122 1 6e+05
123 1 2e+06
124 1 9e+05
125 1 7e+05
126 1 1e+06
127 1 1e+06
0 2 2e+06
1 2 2e+06
2 2 1e+06
3 2 2e+06
4 2 1e+06
5 2 2e+06
6 2 1e+06
7 2 1e+06
8 2 1e+06
9 2 2e+06
10 2 8e+05
11 2 1e+06
12 2 9e+05
13 2 2e+06
14 2 7e+05
15 2 1e+06
16 2 1e+06
17 2 2e+06
18 2 8e+05
19 2 1e+06
20 2 2e+06
21 2 2e+06
22 2 1e+06
23 2 2e+06
24 2 9e+05
25 2 9e+05
26 2 1e+06
27 2 9e+05
28 2 2e+06
29 2 2e+06
30 2 2e+06
31 2 1e+06
32 2 9e+05
33 2 7e+05
34 2 1e+06
35 2 2e+06
36 2 2e+06
37 2 2e+06
38 2 1e+06
39 2 1e+06
40 2 9e+05
41 2 7e+05
42 2 2e+06
43 2 6e+05
44 2 9e+05
45 2 2e+06
46 2 1e+06
47 2 1e+06
48 2 2e+06
49 2 1e+06
50 2 1e+06
51 2 1e+06
52 2 7e+05
53 2 1e+06
54 2 9e+05
55 2 2e+06
56 2 1e+06
57 2 1e+06
58 2 9e+05
59 2 8e+05
60 2 1e+06
61 2 1e+06
62 2 7e+05
63 2 1e+06
64 2 1e+06
65 2 1e+06
66 2 1e+06
67 2 6e+05
68 2 1e+06
69 2 2e+06
70 2 7e+05
71 2 1e+06
72 2 1e+06
73 2 1e+06
74 2 1e+06
75 2 2e+06
76 2 2e+06
77 2 2e+06
78 2 1e+06
79 2 1e+06
80 2 2e+06
81 2 8e+05
82 2 2e+06
83 2 1e+06
84 2 1e+06
85 2 2e+06
86 2 9e+05
87 2 1e+06
88 2 2e+06
89 2 6e+05
90 2 2e+06
91 2 1e+06
92 2 1e+06
93 2 1e+06
94 2 6e+05
95 2 1e+06
96 2 1e+06
97 2 1e+06
98 2 1e+06
99 2 2e+06
100 2 1e+06
101 2 1e+06
102 2 9e+05
103 2 6e+05
104 2 2e+06
105 2 1e+06
106 2 8e+05
107 2 1e+06
108 2 1e+06
109 2 2e+06
110 2 8e+05
111 2 7e+05
112 2 1e+06
113 2 7e+05
114 2 9e+05
115 2 1e+06
116 2 8e+05
117 2 1e+06
118 2 6e+05
119 2 9e+05
120 2 2e+06
121 2 1e+06
122 2 2e+06
123 2 1e+06
124 2 1e+06
125 2 9e+05
126 2 2e+06
127 2 1e+06
0 3 7e+05
1 3 8e+05
2 3 2e+06
3 3 1e+06
4 3 7e+05
5 3 1e+06
6 3 1e+06
7 3 2e+06
8 3 6e+05
9 3 2e+06
10 3 8e+05
11 3 1e+06
12 3 1e+06
13 3 1e+06
14 3 2e+06
15 3 7e+05
16 3 6e+05
17 3 1e+06
18 3 6e+05
19 3 6e+05
20 3 1e+06
21 3 1e+06
22 3 1e+06
23 3 2e+06
24 3 2e+06
25 3 2e+06
26 3 2e+06
27 3 1e+06
28 3 1e+06
29 3 2e+06
30 3 1e+06
31 3 1e+06
32 3 1e+06
33 3 1e+06
34 3 6e+05
35 3 1e+06
36 3 9e+05
37 3 1e+06
38 3 2e+06
39 3 1e+06
40 3 1e+06
41 3 7e+05
42 3 1e+06
43 3 1e+06
44 3 1e+06
45 3 1e+06
46 3 1e+06
47 3 2e+06
48 3 1e+06
49 3 2e+06
50 3 1e+06
51 3 2e+06
52 3 1e+06
53 3 2e+06
54 3 8e+05
55 3 1e+06
56 3 1e+06
57 3 1e+06
58 3 1e+06
59 3 2e+06
60 3 8e+05
61 3 1e+06
62 3 1e+06
63 3 1e+06
64 3 1e+06
65 3 8e+05
66 3 2e+06
67 3 8e+05
68 3 2e+06
69 3 1e+06
70 3 7e+05
71 3 1e+06
72 3 1e+06
73 3 1e+06
74 3 8e+05
75 3 8e+05
76 3 1e+06
77 3 1e+06
78 3 1e+06
79 3 1e+06
80 3 1e+06
81 3 2e+06
82 3 2e+06
83 3 1e+06
84 3 6e+05
85 3 2e+06
86 3 9e+05
87 3 7e+05
88 3 8e+05
89 3 1e+06
90 3 1e+06
91 3 2e+06
92 3 8e+05
93 3 7e+05
94 3 1e+06
95 3 1e+06
96 3 2e+06
97 3 1e+06
98 3 7e+05
99 3 1e+06
100 3 8e+05
101 3 8e+05
102 3 2e+06
103 3 2e+06
104 3 1e+06
105 3 1e+06
106 3 2e+06
107 3 1e+06
108 3 2e+06
109 3 8e+05
110 3 8e+05
111 3 2e+06
112 3 2e+06
113 3 1e+06
114 3 2e+06
115 3 9e+05
116 3 2e+06
117 3 9e+05
118 3 1e+06
119 3 1e+06
120 3 2e+06
121 3 2e+06
122 3 2e+06
123 3 8e+05
124 3 2e+06
125 3 1e+06
126 3 8e+05
127 3 1e+06
0 4 1e+06
1 4 1e+06
2 4 2e+06
3 4 2e+06
4 4 2e+06
5 4 2e+06
6 4 1e+06
7 4 1e+06
8 4 2e+06
9 4 7e+05
10 4 2e+06
11 4 2e+06
12 4 1e+06
13 4 9e+05
14 4 1e+06
15 4 2e+06
16 4 2e+06
17 4 1e+06
18 4 1e+06
19 4 1e+06
20 4 1e+06
21 4 1e+06
22 4 7e+05
23 4 7e+05
24 4 2e+06
25 4 2e+06
26 4 1e+06
27 4 2e+06
28 4 6e+05
29 4 1e+06
30 4 1e+06
31 4 7e+05
32 4 1e+06
33 4 2e+06
34 4 1e+06
35 4 2e+06
36 4 1e+06
37 4 1e+06
38 4 1e+06
39 4 6e+05
40 4 2e+06
41 4 1e+06
42 4 1e+06
43 4 6e+05
44 4 1e+06
45 4 2e+06
46 4 2e+06
47 4 1e+06
48 4 1e+06
49 4 2e+06
50 4 2e+06
51 4 1e+06
52 4 9e+05
53 4 8e+05
54 4 1e+06
55 4 1e+06
56 4 1e+06
57 4 2e+06
58 4 1e+06
59 4 1e+06
60 4 2e+06
61 4 1e+06
62 4 1e+06
63 4 2e+06
64 4 8e+05
65 4 2e+06
66 4 2e+06
67 4 2e+06
68 4 9e+05
69 4 8e+05
70 4 9e+05
71 4 2e+06
72 4 2e+06
73 4 8e+05
74 4 2e+06
75 4 1e+06
76 4 1e+06
77 4 1e+06
78 4 8e+05
79 4 1e+06
80 4 2e+06
81 4 6e+05
82 4 1e+06
83 4 7e+05
84 4 8e+05
85 4 1e+06
86 4 7e+05
87 4 1e+06
88 4 1e+06
89 4 1e+06
90 4 8e+05
91 4 7e+05
92 4 2e+06
93 4 2e+06
94 4 2e+06
95 4 2e+06
96 4 9e+05
97 4 1e+06
98 4 8e+05
99 4 1e+06
100 4 8e+05
101 4 2e+06
102 4 7e+05
103 4 1e+06
104 4 1e+06
105 4 8e+05
106 4 7e+05
107 4 8e+05
108 4 2e+06
109 4 8e+05
110 4 8e+05
111 4 2e+06
112 4 2e+06
113 4 6e+05
114 4 9e+05
115 4 8e+05
116 4 2e+06
117 4 8e+05
118 4 2e+06
119 4 2e+06
120 4 2e+06
121 4 7e+05
122 4 9e+05
123 4 8e+05
124 4 2e+06
125 4 1e+06
126 4 2e+06
127 4 6e+05
0 5 2e+06
1 5 1e+06
2 5 1e+06
3 5 8e+05
4 5 1e+06
5 5 2e+06
6 5 1e+06
7 5 1e+06
8 5 7e+05
9 5 2e+06
10 5 1e+06
11 5 2e+06
12 5 2e+06
13 5 1e+06
14 5 1e+06
15 5 9e+05
16 5 2e+06
17 5 1e+06
18 5 7e+05
19 5 1e+06
20 5 2e+06
21 5 2e+06
22 5 2e+06
23 5 2e+06
24 5 1e+06
25 5 1e+06
26 5 2e+06
27 5 2e+06
28 5 2e+06
29 5 1e+06
30 5 1e+06
31 5 1e+06
32 5 1e+06
33 5 2e+06
34 5 7e+05
35 5 7e+05
36 5 8e+05
37 5 2e+06
38 5 2e+06
39 5 9e+05
40 5 1e+06
41 5 1e+06
42 5 1e+06
43 5 1e+06
44 5 1e+06
45 5 1e+06
46 5 7e+05
47 5 1e+06
48 5 1e+06
49 5 2e+06
50 5 1e+06
51 5 1e+06
52 5 2e+06
53 5 1e+06
54 5 1e+06
55 5 6e+05
56 5 1e+06
57 5 2e+06
58 5 1e+06
59 5 6e+05
60 5 7e+05
61 5 2e+06
62 5 1e+06
63 5 7e+05
64 5 2e+06
65 5 1e+06
66 5 1e+06
67 5 1e+06
68 5 1e+06
69 5 1e+06
70 5 1e+06
71 5 1e+06
72 5 2e+06
73 5 2e+06
74 5 7e+05
75 5 2e+06
76 5 1e+06
77 5 9e+05
78 5 1e+06
79 5 7e+05
80 5 1e+06
81 5 2e+06
82 5 8e+05
83 5 9e+05
84 5 6e+05
85 5 8e+05
86 5 2e+06
87 5 7e+05
88 5 9e+05
89 5 2e+06
90 5 2e+06
91 5 1e+06
92 5 7e+05
93 5 7e+05
94 5 2e+06
95 5 1e+06
96 5 1e+06
97 5 2e+06
98 5 2e+06
99 5 9e+05
100 5 1e+06
101 5 1e+06
102 5 2e+06
103 5 1e+06
104 5 8e+05
105 5 1e+06
106 5 2e+06
107 5 9e+05
108 5 2e+06
109 5 1e+06
110 5 1e+06
111 5 8e+05
112 5 1e+06
113 5 1e+06
114 5 1e+06
115 5 1e+06
116 5 2e+06
117 5 1e+06
118 5 7e+05
119 5 2e+06
120 5 1e+06
121 5 2e+06
122 5 2e+06
123 5 1e+06
124 5 8e+05
125 5 1e+06
126 5 1e+06
127 5 2e+06
0 6 1e+06
1 6 7e+05
2 6 8e+05
3 6 1e+06
4 6 2e+06
5 6 7e+05
6 6 8e+05
7 6 1e+06
8 6 7e+05
9 6 1e+06
10 6 1e+06
11 6 6e+05
12 6 7e+05
13 6 2e+06
14 6 1e+06
15 6 2e+06
16 6 2e+06
17 6 9e+05
18 6 1e+06
19 6 8e+05
20 6 1e+06
21 6 7e+05
22 6 6e+05
23 6 2e+06
24 6 1e+06
25 6 1e+06
26 6 1e+06
27 6 2e+06
28 6 1e+06
29 6 1e+06
30 6 1e+06
31 6 2e+06
32 6 1e+06
33 6 2e+06
34 6 1e+06
35 6 2e+06
36 6 1e+06
37 6 9e+05
38 6 1e+06
39 6 8e+05
40 6 1e+06
41 6 2e+06
42 6 2e+06
43 6 1e+06
44 6 2e+06
45 6 1e+06
46 6 1e+06
47 6 2e+06
48 6 1e+06
49 6 7e+05
50 6 1e+06
51 6 2e+06
52 6 1e+06
53 6 7e+05
54 6 6e+05
55 6 8e+05
56 6 2e+06
57 6 2e+06
58 6 7e+05
59 6 1e+06
60 6 1e+06
61 6 1e+06
62 6 1e+06
63 6 1e+06
64 6 8e+05
65 6 1e+06
66 6 1e+06
67 6 1e+06
68 6 7e+05
69 6 1e+06
70 6 1e+06
71 6 2e+06
72 6 2e+06
73 6 1e+06
74 6 2e+06
75 6 7e+05
76 6 2e+06
77 6 2e+06
78 6 1e+06
79 6 2e+06
80 6 9e+05
81 6 8e+05
82 6 2e+06
83 6 1e+06
84 6 1e+06
85 6 1e+06
86 6 1e+06
87 6 1e+06
88 6 2e+06
89 6 2e+06
90 6 8e+05
91 6 2e+06
92 6 9e+05
93 6 1e+06
94 6 2e+06
95 6 2e+06
96 6 1e+06
97 6 9e+05
98 6 1e+06
99 6 2e+06
100 6 1e+06
101 6 7e+05
102 6 1e+06
103 6 2e+06
104 6 6e+05
105 6 1e+06
106 6 9e+05
107 6 9e+05
108 6 8e+05
109 6 1e+06
110 6 8e+05
111 6 1e+06
112 6 1e+06
113 6 2e+06
114 6 1e+06
115 6 1e+06
116 6 9e+05
117 6 2e+06
118 6 1e+06
119 6 1e+06
120 6 2e+06
121 6 1e+06
122 6 2e+06
123 6 2e+06
124 6 1e+06
125 6 2e+06
126 6 2e+06
127 6 8e+05
0 7 1e+06
1 7 2e+06
2 7 1e+06
3 7 1e+06
4 7 2e+06
5 7 7e+05
6 7 8e+05
7 7 1e+06
8 7 8e+05
9 7 2e+06
10 7 1e+06
11 7 2e+06
12 7 7e+05
13 7 1e+06
14 7 9e+05
15 7 2e+06
16 7 2e+06
17 7 1e+06
18 7 2e+06
19 7 2e+06
20 7 2e+06
21 7 9e+05
22 7 1e+06
23 7 2e+06
24 7 1e+06
25 7 1e+06
26 7 2e+06
27 7 2e+06
28 7 1e+06
29 7 7e+05
30 7 1e+06
31 7 8e+05
32 7 2e+06
33 7 2e+06
34 7 1e+06
35 7 2e+06
36 7 9e+05
37 7 8e+05
38 7 1e+06
39 7 1e+06
40 7 1e+06
41 7 7e+05
42 7 8e+05
43 7 1e+06
44 7 1e+06
45 7 2e+06
46 7 1e+06
47 7 9e+05
48 7 2e+06
49 7 7e+05
50 7 7e+05
51 7 1e+06
52 7 8e+05
53 7 2e+06
54 7 2e+06
55 7 6e+05
56 7 1e+06
57 7 1e+06
58 7 2e+06
59 7 2e+06
60 7 2e+06
61 7 1e+06
62 7 8e+05
63 7 6e+05
64 7 8e+05
65 7 1e+06
66 7 6e+05
67 7 1e+06
68 7 2e+06
69 7 7e+05
70 7 2e+06
71 7 8e+05
72 7 6e+05
73 7 2e+06
74 7 8e+05
75 7 1e+06
76 7 8e+05
77 7 8e+05
78 7 1e+06
79 7 1e+06
80 7 1e+06
81 7 8e+05
82 7 9e+05
83 7 6e+05
84 7 1e+06
85 7 1e+06
86 7 2e+06
87 7 2e+06
88 7 2e+06
89 7 8e+05
90 7 8e+05
91 7 1e+06
92 7 1e+06
93 7 1e+06
94 7 7e+05
95 7 9e+05
96 7 2e+06
97 7 2e+06
98 7 2e+06
99 7 1e+06
100 7 7e+05
101 7 2e+06
102 7 1e+06
103 7 9e+05
104 7 1e+06
105 7 1e+06
106 7 9e+05
107 7 1e+06
108 7 9e+05
109 7 9e+05
110 7 9e+05
111 7 1e+06
112 7 1e+06
113 7 8e+05
114 7 1e+06
115 7 1e+06
116 7 2e+06
117 7 1e+06
118 7 7e+05
119 7 8e+05
120 7 1e+06
121 7 1e+06
122 7 1e+06
123 7 2e+06
124 7 2e+06
125 7 9e+05
126 7 2e+06
127 7 1e+06
0 8 7e+05
1 8 1e+06
2 8 8e+05
3 8 2e+06
4 8 8e+05
5 8 1e+06
6 8 1e+06
7 8 1e+06
8 8 2e+06
9 8 6e+05
10 8 1e+06
11 8 2e+06
12 8 8e+05
13 8 2e+06
14 8 1e+06
15 8 1e+06
16 8 1e+06
17 8 1e+06
18 8 2e+06
19 8 1e+06
20 8 2e+06
21 8 9e+05
22 8 1e+06
23 8 1e+06
24 8 9e+05
25 8 9e+05
26 8 2e+06
27 8 1e+06
28 8 2e+06
29 8 7e+05
30 8 2e+06
31 8 1e+06
32 8 7e+05
33 8 2e+06
34 8 2e+06
35 8 1e+06
36 8 8e+05
37 8 1e+06
38 8 1e+06
39 8 1e+06
40 8 1e+06
41 8 1e+06
42 8 1e+06
43 8 1e+06
44 8 1e+06
45 8 2e+06
46 8 7e+05
47 8 2e+06
48 8 9e+05
49 8 8e+05
50 8 7e+05
51 8 2e+06
52 8 1e+06
53 8 1e+06
54 8 1e+06
55 8 1e+06
56 8 2e+06
57 8 2e+06
58 8 9e+05
59 8 1e+06
60 8 9e+05
61 8 1e+06
62 8 9e+05
63 8 1e+06
64 8 1e+06
65 8 8e+05
66 8 9e+05
67 8 2e+06
68 8 8e+05
69 8 1e+06
70 8 2e+06
71 8 1e+06
72 8 6e+05
73 8 1e+06
74 8 8e+05
75 8 1e+06
76 8 2e+06
77 8 1e+06
78 8 1e+06
79 8 1e+06
80 8 1e+06
81 8 2e+06
82 8 7e+05
83 8 9e+05
84 8 1e+06
85 8 1e+06
86 8 8e+05
87 8 2e+06
88 8 7e+05
89 8 9e+05
90 8 1e+06
91 8 7e+05
92 8 2e+06
93 8 1e+06
94 8 1e+06
95 8 2e+06
96 8 1e+06
97 8 1e+06
98 8 1e+06
99 8 2e+06
100 8 9e+05
101 8 1e+06
102 8 2e+06
103 8 1e+06
104 8 1e+06
105 8 1e+06
106 8 9e+05
107 8 9e+05
108 8 2e+06
109 8 7e+05
110 8 2e+06
111 8 6e+05
112 8 9e+05
113 8 1e+06
114 8 1e+06
115 8 2e+06
116 8 6e+05
117 8 8e+05
118 8 1e+06
119 8 1e+06
120 8 9e+05
121 8 1e+06
122 8 8e+05
123 8 1e+06
124 8 1e+06
125 8 7e+05
126 8 1e+06
127 8 7e+05
0 9 6e+05
1 9 1e+06
2 9 2e+06
3 9 1e+06
4 9 1e+06
5 9 2e+06
6 9 1e+06
7 9 9e+05
8 9 1e+06
9 9 9e+05
10 9 1e+06
11 9 1e+06
12 9 1e+06
13 9 1e+06
14 9 9e+05
15 9 1e+06
16 9 1e+06
17 9 1e+06
18 9 1e+06
19 9 7e+05
20 9 2e+06
21 9 2e+06
22 9 6e+05
23 9 2e+06
24 9 1e+06
25 9 1e+06
26 9 9e+05
27 9 1e+06
28 9 1e+06
29 9 1e+06
30 9 1e+06
31 9 1e+06
32 9 8e+05
33 9 1e+06
34 9 2e+06
35 9 9e+05
36 9 1e+06
37 9 9e+05
38 9 2e+06
39 9 1e+06
40 9 7e+05
41 9 2e+06
42 9 2e+06
43 9 1e+06
44 9 1e+06
45 9 2e+06
46 9 1e+06
47 9 1e+06
48 9 2e+06
49 9 9e+05
50 9 1e+06
51 9 1e+06
52 9 6e+05
53 9 1e+06
54 9 1e+06
55 9 1e+06
56 9 2e+06
57 9 7e+05
58 9 1e+06
59 9 7e+05
60 9 2e+06
61 9 6e+05
62 9 2e+06
63 9 7e+05
64 9 1e+06
65 9 6e+05
66 9 1e+06
67 9 1e+06
68 9 1e+06
69 9 7e+05
70 9 2e+06
71 9 8e+05
72 9 2e+06
73 9 8e+05
74 9 7e+05
75 9 1e+06
76 9 1e+06
77 9 2e+06
78 9 1e+06
79 9 1e+06
80 9 1e+06
81 9 1e+06
82 9 1e+06
83 9 1e+06
84 9 7e+05
85 9 2e+06
86 9 1e+06
87 9 9e+05
88 9 7e+05
89 9 1e+06
90 9 2e+06
91 9 9e+05
92 9 1e+06
93 9 2e+06
94 9 1e+06
95 9 7e+05
96 9 1e+06
97 9 1e+06
98 9 1e+06
99 9 8e+05
100 9 9e+05
101 9 1e+06
102 9 1e+06
103 9 9e+05
104 9 7e+05
105 9 7e+05
106 9 2e+06
107 9 7e+05
108 9 7e+05
109 9 7e+05
110 9 6e+05
111 9 9e+05
112 9 8e+05
113 9 1e+06
114 9 2e+06
115 9 1e+06
116 9 9e+05
117 9 2e+06
118 9 1e+06
119 9 1e+06
120 9 1e+06
121 9 8e+05
122 9 6e+05
123 9 8e+05
124 9 9e+05
125 9 2e+06
126 9 8e+05
127 9 2e+06
0 10 2e+06
1 10 9e+05
2 10 7e+05
3 10 1e+06
4 10 1e+06
5 10 2e+06
6 10 8e+05
7 10 2e+06
8 10 1e+06
9 10 1e+06
10 10 1e+06
11 10 7e+05
12 10 1e+06
13 10 1e+06
14 10 1e+06
15 10 1e+06
16 10 1e+06
17 10 1e+06
18 10 9e+05
19 10 1e+06
20 10 2e+06
21 10 8e+05
22 10 1e+06
23 10 7e+05
24 10 9e+05
25 10 9e+05
26 10 1e+06
27 10 9e+05
28 10 1e+06
29 10 2e+06
30 10 2e+06
31 10 6e+05
32 10 9e+05
33 10 7e+05
34 10 1e+06
35 10 1e+06
36 10 1e+06
37 10 2e+06
38 10 1e+06
39 10 1e+06
40 10 8e+05
41 10 7e+05
42 10 1e+06
43 10 2e+06
44 10 8e+05
45 10 2e+06
46 10 1e+06
47 10 2e+06
48 10 1e+06
49 10 2e+06
50 10 2e+06
51 10 2e+06
52 10 2e+06
53 10 8e+05
54 10 1e+06
55 10 7e+05
56 10 1e+06
57 10 1e+06
58 10 1e+06
59 10 1e+06
60 10 2e+06
61 10 9e+05
62 10 8e+05
63 10 2e+06
64 10 1e+06
65 10 2e+06
66 10 1e+06
67 10 1e+06
68 10 1e+06
69 10 2e+06
70 10 2e+06
71 10 2e+06
72 10 1e+06
73 10 7e+05
74 10 2e+06
75 10 9e+05
76 10 2e+06
77 10 8e+05
78 10 1e+06
79 10 7e+05
80 10 2e+06
81 10 7e+05
82 10 1e+06
83 10 7e+05
84 10 2e+06
85 10 2e+06
86 10 1e+06
87 10 1e+06
88 10 6e+05
89 10 8e+05
90 10 1e+06
91 10 1e+06
92 10 9e+05
93 10 8e+05
94 10 1e+06
95 10 9e+05
96 10 1e+06
97 10 7e+05
98 10 1e+06
99 10 1e+06
100 10 7e+05
101 10 7e+05
102 10 9e+05
103 10 1e+06
104 10 1e+06
105 10 1e+06
106 10 1e+06
107 10 1e+06
108 10 1e+06
109 10 1e+06
110 10 2e+06
111 10 6e+05
112 10 1e+06
113 10 1e+06
114 10 1e+06
115 10 1e+06
116 10 2e+06
117 10 1e+06
118 10 2e+06
119 10 1e+06
120 10 7e+05
121 10 1e+06
122 10 2e+06
123 10 2e+06
124 10 2e+06
125 10 8e+05
126 10 2e+06
127 10 1e+06
0 11 6e+05
1 11 8e+05
2 11 1e+06
3 11 1e+06
4 11 2e+06
5 11 1e+06
6 11 1e+06
7 11 2e+06
8 11 1e+06
9 11 1e+06
10 11 1e+06
11 11 1e+06
12 11 2e+06
13 11 1e+06
14 11 2e+06
15 11 1e+06
16 11 9e+05
17 11 2e+06
18 11 8e+05
19 11 8e+05
20 11 2e+06
21 11 7e+05
22 11 1e+06
23 11 2e+06
24 11 1e+06
25 11 2e+06
26 11 1e+06
27 11 1e+06
28 11 6e+05
29 11 9e+05
30 11 7e+05
31 11 2e+06
32 11 8e+05
33 11 1e+06
34 11 9e+05
35 11 2e+06
36 11 6e+05
37 11 8e+05
38 11 2e+06
39 11 9e+05
40 11 8e+05
41 11 9e+05
42 11 1e+06
43 11 7e+05
44 11 9e+05
45 11 1e+06
46 11 8e+05
47 11 2e+06
48 11 7e+05
49 11 1e+06
50 11 1e+06
51 11 1e+06
52 11 1e+06
53 11 2e+06
54 11 1e+06
55 11 1e+06
56 11 7e+05
57 11 2e+06
58 11 7e+05
59 11 7e+05
60 11 1e+06
61 11 6e+05
62 11 2e+06
63 11 1e+06
64 11 1e+06
65 11 2e+06
66 11 1e+06
67 11 1e+06
68 11 1e+06
69 11 2e+06
70 11 1e+06
71 11 1e+06
72 11 1e+06
73 11 1e+06
74 11 1e+06
75 11 8e+05
76 11 9e+05
77 11 2e+06
78 11 7e+05
79 11 1e+06
80 11 1e+06
81 11 1e+06
82 11 1e+06
83 11 2e+06
84 11 2e+06
85 11 8e+05
86 11 2e+06
87 11 1e+06
88 11 8e+05
89 11 1e+06
90 11 7e+05
91 11 1e+06
92 11 2e+06
93 11 2e+06
94 11 2e+06
95 11 7e+05
96 11 1e+06
97 11 2e+06
98 11 8e+05
99 11 1e+06
100 11 1e+06
101 11 1e+06
102 11 7e+05
103 11 8e+05
104 11 1e+06
105 11 2e+06
106 11 1e+06
107 11 1e+06
108 11 1e+06
109 11 2e+06
110 11 1e+06
111 11 2e+06
112 11 6e+05
113 11 2e+06
114 11 7e+05
115 11 1e+06
116 11 8e+05
117 11 6e+05
118 11 7e+05
119 11 9e+05
120 11 2e+06
121 11 2e+06
122 11 1e+06
123 11 9e+05
124 11 2e+06
125 11 9e+05
126 11 9e+05
127 11 2e+06
0 12 7e+05
1 12 2e+06
2 12 2e+06
3 12 1e+06
4 12 8e+05
5 12 8e+05
6 12 1e+06
7 12 1e+06
8 12 2e+06
9 12 2e+06
10 12 2e+06
11 12 2e+06
12 12 1e+06
13 12 1e+06
14 12 2e+06
15 12 9e+05
16 12 1e+06
17 12 1e+06
18 12 9e+05
19 12 9e+05
20 12 2e+06
21 12 6e+05
22 12 1e+06
23 12 2e+06
24 12 1e+06
25 12 9e+05
26 12 6e+05
27 12 2e+06
28 12 1e+06
29 12 9e+05
30 12 1e+06
31 12 1e+06
32 12 1e+06
33 12 1e+06
34 12 9e+05
35 12 1e+06
36 12 1e+06
37 12 2e+06
38 12 7e+05
39 12 1e+06
40 12 1e+06
41 12 7e+05
42 12 1e+06
43 12 2e+06
44 12 1e+06
45 12 8e+05
46 12 1e+06
47 12 2e+06
48 12 8e+05
49 12 2e+06
50 12 8e+05
51 12 9e+05
52 12 1e+06
53 12 1e+06
54 12 9e+05
55 12 2e+06
56 12 1e+06
57 12 2e+06
58 12 1e+06
59 12 2e+06
60 12 1e+06
61 12 2e+06
62 12 1e+06
63 12 8e+05
64 12 9e+05
65 12 1e+06
66 12 6e+05
67 12 1e+06
68 12 9e+05
69 12 9e+05
70 12 2e+06
71 12 7e+05
72 12 1e+06
73 12 1e+06
74 12 1e+06
75 12 1e+06
76 12 1e+06
77 12 1e+06
78 12 8e+05
79 12 1e+06
80 12 2e+06
81 12 8e+05
82 12 2e+06
83 12 1e+06
84 12 1e+06
85 12 1e+06
86 12 1e+06
87 12 1e+06
88 12 2e+06
89 12 1e+06
90 12 1e+06
91 12 1e+06
92 12 1e+06
93 12 1e+06
94 12 7e+05
95 12 1e+06
96 12 2e+06
97 12 8e+05
98 12 8e+05
99 12 2e+06
100 12 8e+05
101 12 1e+06
102 12 9e+05
103 12 1e+06
104 12 1e+06
105 12 1e+06
106 12 1e+06
107 12 9e+05
108 12 6e+05
109 12 8e+05
110 12 2e+06
111 12 2e+06
112 12 7e+05
113 12 2e+06
114 12 2e+06
115 12 1e+06
116 12 7e+05
117 12 8e+05
118 12 1e+06
119 12 1e+06
120 12 1e+06
121 12 9e+05
122 12 8e+05
123 12 1e+06
124 12 8e+05
125 12 6e+05
126 12 1e+06
127 12 1e+06
0 13 1e+06
1 13 1e+06
2 13 1e+06
3 13 9e+05
4 13 1e+06
5 13 2e+06
6 13 7e+05
7 13 1e+06
8 13 9e+05
9 13 1e+06
10 13 6e+05
11 13 1e+06
12 13 1e+06
13 13 7e+05
14 13 9e+05
15 13 1e+06
16 13 9e+05
17 13 1e+06
18 13 1e+06
19 13 1e+06
20 13 1e+06
21 13 8e+05
22 13 9e+05
23 13 1e+06
24 13 1e+06
25 13 6e+05
26 13 1e+06
27 13 1e+06
28 13 1e+06
29 13 9e+05
30 13 7e+05
31 13 1e+06
32 13 1e+06
33 13 6e+05
34 13 1e+06
35 13 2e+06
36 13 1e+06
37 13 1e+06
38 13 2e+06
39 13 1e+06
40 13 1e+06
41 13 1e+06
42 13 1e+06
43 13 1e+06
44 13 1e+06
45 13 1e+06
46 13 1e+06
47 13 2e+06
48 13 1e+06
49 13 2e+06
50 13 6e+05
51 13 2e+06
52 13 2e+06
53 13 1e+06
54 13 6e+05
55 13 1e+06
56 13 1e+06
57 13 2e+06
58 13 2e+06
59 13 9e+05
60 13 1e+06
61 13 1e+06
62 13 9e+05
63 13 2e+06
64 13 9e+05
65 13 1e+06
66 13 1e+06
67 13 2e+06
68 13 2e+06
69 13 7e+05
70 13 8e+05
71 13 2e+06
72 13 9e+05
73 13 1e+06
74 13 2e+06
75 13 2e+06
76 13 2e+06
77 13 1e+06
78 13 7e+05
79 13 9e+05
80 13 1e+06
81 13 1e+06
82 13 9e+05
83 13 6e+05
84 13 1e+06
85 13 1e+06
86 13 1e+06
87 13 1e+06
88 13 1e+06
89 13 2e+06
90 13 1e+06
91 13 1e+06
92 13 1e+06
93 13 1e+06
94 13 1e+06
95 13 2e+06
96 13 7e+05
97 13 1e+06
98 13 9e+05
99 13 8e+05
100 13 1e+06
101 13 1e+06
102 13 9e+05
103 13 7e+05
104 13 1e+06
105 13 9e+05
106 13 8e+05
107 13 2e+06
108 13 2e+06
109 13 2e+06
110 13 2e+06
111 13 1e+06
112 13 2e+06
113 13 1e+06
114 13 1e+06
115 13 1e+06
116 13 6e+05
117 13 2e+06
118 13 2e+06
119 13 1e+06
120 13 1e+06
121 13 2e+06
122 13 7e+05
123 13 2e+06
124 13 2e+06
125 13 2e+06
126 13 2e+06
127 13 9e+05
0 14 8e+05
1 14 1e+06
2 14 1e+06
3 14 1e+06
4 14 1e+06
5 14 2e+06
6 14 7e+05
7 14 1e+06
8 14 2e+06
9 14 2e+06
10 14 2e+06
11 14 1e+06
12 14 2e+06
13 14 1e+06
14 14 1e+06
15 14 1e+06
16 14 7e+05
17 14 1e+06
18 14 1e+06
19 14 2e+06
20 14 1e+06
21 14 9e+05
22 14 8e+05
23 14 1e+06
24 14 1e+06
25 14 8e+05
26 14 1e+06
27 14 2e+06
28 14 2e+06
29 14 9e+05
30 14 2e+06
31 14 1e+06
32 14 1e+06
33 14 7e+05
34 14 2e+06
35 14 1e+06
36 14 1e+06
37 14 1e+06
38 14 7e+05
39 14 1e+06
40 14 8e+05
41 14 1e+06
42 14 1e+06
43 14 8e+05
44 14 1e+06
45 14 1e+06
46 14 1e+06
47 14 2e+06
48 14 1e+06
49 14 1e+06
50 14 2e+06
51 14 1e+06
52 14 9e+05
53 14 8e+05
54 14 2e+06
55 14 1e+06
56 14 2e+06
57 14 1e+06
58 14 1e+06
59 14 1e+06
60 14 1e+06
61 14 2e+06
62 14 9e+05
63 14 7e+05
64 14 1e+06
65 14 6e+05
66 14 2e+06
67 14 1e+06
68 14 7e+05
69 14 9e+05
70 14 9e+05
71 14 2e+06
72 14 1e+06
73 14 7e+05
74 14 1e+06
75 14 9e+05
76 14 1e+06
77 14 2e+06
78 14 7e+05
79 14 1e+06
80 14 7e+05
81 14 9e+05
82 14 9e+05
83 14 9e+05
84 14 2e+06
85 14 8e+05
86 14 2e+06
87 14 9e+05
88 14 6e+05
89 14 1e+06
90 14 1e+06
91 14 2e+06
92 14 9e+05
93 14 6e+05
94 14 1e+06
95 14 1e+06
96 14 8e+05
97 14 1e+06
98 14 1e+06
99 14 1e+06
100 14 8e+05
101 14 1e+06
102 14 1e+06
103 14 8e+05
104 14 1e+06
105 14 1e+06
106 14 1e+06
107 14 2e+06
108 14 1e+06
109 14 2e+06
110 14 1e+06
111 14 1e+06
112 14 9e+05
113 14 1e+06
114 14 1e+06
115 14 2e+06
116 14 1e+06
117 14 6e+05
118 14 1e+06
119 14 2e+06
120 14 1e+06
121 14 1e+06
122 14 8e+05
123 14 9e+05
124 14 7e+05
125 14 7e+05
126 14 1e+06
127 14 1e+06
0 15 2e+06
1 15 1e+06
2 15 1e+06
3 15 2e+06
4 15 1e+06
5 15 2e+06
6 15 1e+06
7 15 1e+06
8 15 1e+06
9 15 2e+06
10 15 2e+06
11 15 6e+05
12 15 2e+06
13 15 7e+05
14 15 2e+06
15 15 1e+06
16 15 6e+05
17 15 2e+06
18 15 2e+06
19 15 1e+06
20 15 1e+06
21 15 1e+06
22 15 2e+06
23 15 2e+06
24 15 2e+06
25 15 2e+06
26 15 9e+05
27 15 2e+06
28 15 1e+06
29 15 2e+06
30 15 7e+05
31 15 2e+06
32 15 1e+06
33 15 1e+06
34 15 8e+05
35 15 7e+05
36 15 1e+06
37 15 8e+05
38 15 1e+06
39 15 2e+06
40 15 7e+05
41 15 1e+06
42 15 1e+06
43 15 1e+06
44 15 9e+05
45 15 8e+05
46 15 1e+06
47 15 1e+06
48 15 1e+06
49 15 1e+06
50 15 1e+06
51 15 1e+06
52 15 1e+06
53 15 1e+06
54 15 9e+05
55 15 1e+06
56 15 6e+05
57 15 2e+06
58 15 1e+06
59 15 1e+06
60 15 1e+06
61 15 9e+05
62 15 1e+06
63 15 9e+05
64 15 1e+06
65 15 6e+05
66 15 1e+06
67 15 1e+06
68 15 2e+06
69 15 1e+06
70 15 7e+05
71 15 2e+06
72 15 1e+06
73 15 1e+06
74 15 1e+06
75 15 1e+06
76 15 1e+06
77 15 2e+06
78 15 8e+05
79 15 8e+05
80 15 2e+06
81 15 8e+05
82 15 1e+06
83 15 1e+06
84 15 1e+06
85 15 2e+06
86 15 2e+06
87 15 1e+06
88 15 1e+06
89 15 2e+06
90 15 2e+06
91 15 1e+06
92 15 6e+05
93 15 1e+06
94 15 1e+06
95 15 9e+05
96 15 1e+06
97 15 1e+06
98 15 2e+06
99 15 1e+06
100 15 1e+06
101 15 1e+06
102 15 2e+06
103 15 1e+06
104 15 1e+06
105 15 1e+06
106 15 8e+05
107 15 1e+06
108 15 1e+06
109 15 1e+06
110 15 2e+06
111 15 1e+06
112 15 1e+06
113 15 6e+05
114 15 2e+06
115 15 8e+05
116 15 1e+06
117 15 2e+06
118 15 1e+06
119 15 1e+06
120 15 8e+05
121 15 1e+06
122 15 7e+05
123 15 7e+05
124 15 7e+05
125 15 1e+06
126 15 6e+05
127 15 2e+06
0 16 1e+06
1 16 9e+05
2 16 1e+06
3 16 2e+06
4 16 1e+06
5 16 1e+06
6 16 1e+06
7 16 2e+06
8 16 1e+06
9 16 1e+06
10 16 1e+06
11 16 2e+06
12 16 1e+06
13 16 1e+06
14 16 1e+06
15 16 8e+05
16 16 2e+06
17 16 8e+05
18 16 2e+06
19 16 2e+06
20 16 1e+06
21 16 2e+06
22 16 2e+06
23 16 6e+05
24 16 9e+05
25 16 1e+06
26 16 1e+06
27 16 2e+06
28 16 2e+06
29 16 1e+06
30 16 8e+05
31 16 2e+06
32 16 1e+06
33 16 6e+05
34 16 7e+05
35 16 1e+06
36 16 9e+05
37 16 1e+06
38 16 2e+06
39 16 1e+06
40 16 1e+06
41 16 2e+06
42 16 1e+06
43 16 1e+06
44 16 9e+05
45 16 2e+06
46 16 2e+06
47 16 2e+06
48 16 7e+05
49 16 1e+06
50 16 1e+06
51 16 2e+06
52 16 1e+06
53 16 2e+06
54 16 2e+06
55 16 9e+05
56 16 1e+06
57 16 2e+06
58 16 1e+06
59 16 2e+06
60 16 1e+06
61 16 1e+06
62 16 9e+05
63 16 8e+05
64 16 7e+05
65 16 1e+06
66 16 1e+06
67 16 2e+06
68 16 1e+06
69 16 2e+06
70 16 1e+06
71 16 1e+06
72 16 1e+06
73 16 6e+05
74 16 2e+06
75 16 8e+05
76 16 8e+05
77 16 9e+05
78 16 2e+06
79 16 1e+06
80 16 2e+06
81 16 2e+06
82 16 1e+06
83 16 1e+06
84 16 7e+05
85 16 1e+06
86 16 2e+06
87 16 1e+06
88 16 8e+05
89 16 2e+06
90 16 1e+06
91 16 7e+05
92 16 1e+06
93 16 6e+05
94 16 1e+06
95 16 6e+05
96 16 1e+06
97 16 9e+05
98 16 9e+05
99 16 8e+05
100 16 9e+05
101 16 2e+06
102 16 1e+06
103 16 9e+05
104 16 1e+06
105 16 2e+06
106 16 1e+06
107 16 1e+06
108 16 1e+06
109 16 8e+05
110 16 1e+06
111 16 6e+05
112 16 7e+05
113 16 2e+06
114 16 1e+06
115 16 1e+06
116 16 2e+06
117 16 1e+06
118 16 2e+06
119 16 1e+06
120 16 2e+06
121 16 2e+06
122 16 9e+05
123 16 1e+06
124 16 2e+06
125 16 2e+06
126 16 2e+06
127 16 1e+06
0 17 7e+05
1 17 9e+05
2 17 8e+05
3 17 7e+05
4 17 2e+06
5 17 9e+05
6 17 1e+06
7 17 1e+06
8 17 9e+05
9 17 2e+06
10 17 2e+06
11 17 8e+05
12 17 2e+06
13 17 7e+05
14 17 1e+06
15 17 8e+05
16 17 2e+06
17 17 1e+06
18 17 2e+06
19 17 1e+06
20 17 1e+06
21 17 1e+06
22 17 1e+06
23 17 1e+06
24 17 1e+06
25 17 1e+06
26 17 1e+06
27 17 2e+06
28 17 9e+05
29 17 1e+06
30 17 1e+06
31 17 1e+06
32 17 2e+06
33 17 9e+05
34 17 9e+05
35 17 2e+06
36 17 1e+06
37 17 1e+06
38 17 1e+06
39 17 1e+06
40 17 2e+06
41 17 1e+06
42 17 1e+06
43 17 8e+05
44 17 1e+06
45 17 7e+05
46 17 1e+06
47 17 2e+06
48 17 7e+05
49 17 1e+06
50 17 1e+06
51 17 1e+06
52 17 8e+05
53 17 1e+06
54 17 6e+05
55 17 6e+05
56 17 8e+05
57 17 9e+05
58 17 8e+05
59 17 8e+05
60 17 1e+06
61 17 8e+05
62 17 7e+05
63 17 1e+06
64 17 1e+06
65 17 8e+05
66 17 2e+06
67 17 1e+06
68 17 2e+06
69 17 8e+05
70 17 1e+06
71 17 1e+06
72 17 9e+05
73 17 2e+06
74 17 1e+06
75 17 1e+06
76 17 1e+06
77 17 9e+05
78 17 2e+06
79 17 1e+06
80 17 7e+05
81 17 1e+06
82 17 1e+06
83 17 1e+06
84 17 2e+06
85 17 9e+05
86 17 1e+06
87 17 1e+06
88 17 2e+06
89 17 1e+06
90 17 6e+05
91 17 7e+05
92 17 1e+06
93 17 2e+06
94 17 1e+06
95 17 1e+06
96 17 1e+06
97 17 2e+06
98 17 6e+05
99 17 9e+05
100 17 6e+05
101 17 1e+06
102 17 2e+06
103 17 1e+06
104 17 1e+06
105 17 1e+06
106 17 7e+05
107 17 1e+06
108 17 2e+06
109 17 1e+06
110 17 7e+05
111 17 1e+06
112 17 1e+06
113 17 9e+05
114 17 8e+05
115 17 1e+06
116 17 1e+06
117 17 1e+06
118 17 2e+06
119 17 1e+06
120 17 1e+06
121 17 2e+06
122 17 2e+06
123 17 8e+05
124 17 1e+06
125 17 1e+06
126 17 9e+05
127 17 1e+06
0 18 8e+05
1 18 1e+06
2 18 1e+06
3 18 2e+06
4 18 2e+06
5 18 1e+06
6 18 2e+06
7 18 8e+05
8 18 9e+05
9 18 8e+05
10 18 1e+06
11 18 1e+06
12 18 1e+06
13 18 2e+06
14 18 2e+06
15 18 1e+06
16 18 1e+06
17 18 7e+05
18 18 1e+06
19 18 1e+06
20 18 1e+06
21 18 2e+06
22 18 2e+06
23 18 1e+06
24 18 1e+06
25 18 1e+06
26 18 2e+06
27 18 2e+06
28 18 8e+05
29 18 2e+06
30 18 1e+06
31 18 2e+06
32 18 1e+06
33 18 1e+06
34 18 2e+06
35 18 1e+06
36 18 1e+06
37 18 7e+05
38 18 9e+05
39 18 9e+05
40 18 1e+06
41 18 1e+06
42 18 7e+05
43 18 7e+05
44 18 1e+06
45 18 2e+06
46 18 8e+05
47 18 1e+06
48 18 1e+06
49 18 1e+06
50 18 9e+05
51 18 1e+06
52 18 8e+05
53 18 2e+06
54 18 8e+05
55 18 6e+05
56 18 1e+06
57 18 1e+06
58 18 6e+05
59 18 1e+06
60 18 2e+06
61 18 6e+05
62 18 2e+06
63 18 8e+05
64 18 8e+05
65 18 1e+06
66 18 7e+05
67 18 1e+06
68 18 7e+05
69 18 9e+05
70 18 7e+05
71 18 2e+06
72 18 7e+05
73 18 2e+06
74 18 6e+05
75 18 8e+05
76 18 7e+05
77 18 1e+06
78 18 2e+06
79 18 1e+06
80 18 2e+06
81 18 1e+06
82 18 2e+06
83 18 1e+06
84 18 1e+06
85 18 1e+06
86 18 2e+06
87 18 7e+05
88 18 6e+05
89 18 1e+06
90 18 8e+05
91 18 8e+05
92 18 7e+05
93 18 1e+06
94 18 1e+06
95 18 9e+05
96 18 1e+06
97 18 2e+06
98 18 2e+06
99 18 1e+06
100 18 1e+06
101 18 1e+06
102 18 8e+05
103 18 8e+05
104 18 1e+06
105 18 7e+05
106 18 2e+06
107 18 2e+06
108 18 1e+06
109 18 1e+06
110 18 1e+06
111 18 1e+06
112 18 1e+06
113 18 7e+05
114 18 7e+05
115 18 9e+05
116 18 1e+06
117 18 1e+06
118 18 2e+06
119 18 1e+06
120 18 2e+06
121 18 2e+06
122 18 1e+06
123 18 2e+06
124 18 2e+06
125 18 9e+05
126 18 1e+06
127 18 9e+05
0 19 6e+05
1 19 1e+06
2 19 1e+06
3 19 8e+05
4 19 2e+06
5 19 1e+06
6 19 1e+06
7 19 2e+06
8 19 7e+05
9 19 8e+05
10 19 1e+06
11 19 1e+06
12 19 1e+06
13 19 1e+06
14 19 9e+05
15 19 1e+06
16 19 2e+06
17 19 1e+06
18 19 1e+06
19 19 9e+05
20 19 1e+06
21 19 2e+06
22 19 1e+06
23 19 2e+06
24 19 9e+05
25 19 1e+06
26 19 7e+05
27 19 2e+06
28 19 1e+06
29 19 2e+06
30 19 1e+06
31 19 9e+05
32 19 2e+06
33 19 1e+06
34 19 1e+06
35 19 2e+06
36 19 1e+06
37 19 1e+06
38 19 8e+05
39 19 9e+05
40 19 2e+06
41 19 9e+05
42 19 9e+05
43 19 7e+05
44 19 7e+05
45 19 1e+06
46 19 1e+06
47 19 7e+05
48 19 1e+06
49 19 1e+06
50 19 1e+06
51 19 2e+06
52 19 9e+05
53 19 1e+06
54 19 1e+06
55 19 1e+06
56 19 1e+06
57 19 9e+05
58 19 6e+05
59 19 9e+05
60 19 2e+06
61 19 7e+05
62 19 2e+06
63 19 1e+06
64 19 1e+06
65 19 1e+06
66 19 1e+06
67 19 1e+06
68 19 2e+06
69 19 1e+06
70 19 1e+06
71 19 8e+05
72 19 9e+05
73 19 1e+06
74 19 1e+06
75 19 2e+06
76 19 1e+06
77 19 2e+06
78 19 1e+06
79 19 2e+06
80 19 2e+06
81 19 1e+06
82 19 2e+06
83 19 2e+06
84 19 1e+06
85 19 1e+06
86 19 1e+06
87 19 1e+06
88 19 7e+05
89 19 2e+06
90 19 1e+06
91 19 7e+05
92 19 8e+05
93 19 1e+06
94 19 7e+05
95 19 2e+06
96 19 1e+06
97 19 6e+05
98 19 2e+06
99 19 2e+06
100 19 1e+06
101 19 1e+06
102 19 1e+06
103 19 1e+06
104 19 7e+05
105 19 1e+06
106 19 1e+06
107 19 2e+06
108 19 2e+06
109 19 7e+05
110 19 1e+06
111 19 6e+05
112 19 9e+05
113 19 1e+06
114 19 9e+05
115 19 2e+06
116 19 2e+06
117 19 2e+06
118 19 2e+06
119 19 1e+06
120 19 7e+05
121 19 2e+06
122 19 2e+06
123 19 9e+05
124 19 1e+06
125 19 8e+05
126 19 1e+06
127 19 1e+06
0 20 1e+06
1 20 1e+06
2 20 7e+05
3 20 1e+06
4 20 2e+06
5 20 1e+06
6 20 1e+06
7 20 7e+05
8 20 7e+05
9 20 9e+05
10 20 7e+05
11 20 2e+06
12 20 1e+06
13 20 1e+06
14 20 2e+06
15 20 1e+06
16 20 1e+06
17 20 9e+05
18 20 2e+06
19 20 7e+05
20 20 2e+06
21 20 7e+05
22 20 1e+06
23 20 1e+06
24 20 2e+06
25 20 9e+05
26 20 2e+06
27 20 1e+06
28 20 1e+06
29 20 8e+05
30 20 9e+05
31 20 1e+06
32 20 8e+05
33 20 2e+06
34 20 1e+06
35 20 1e+06
36 20 6e+05
37 20 1e+06
38 20 1e+06
39 20 1e+06
40 20 1e+06
41 20 1e+06
42 20 1e+06
43 20 2e+06
44 20 9e+05
45 20 2e+06
46 20 2e+06
47 20 7e+05
48 20 8e+05
49 20 1e+06
50 20 9e+05
51 20 8e+05
52 20 1e+06
53 20 1e+06
54 20 9e+05
55 20 6e+05
56 20 7e+05
57 20 1e+06
58 20 2e+06
59 20 8e+05
60 20 2e+06
61 20 1e+06
62 20 2e+06
63 20 2e+06
64 20 1e+06
65 20 6e+05
66 20 2e+06
67 20 8e+05
68 20 1e+06
69 20 2e+06
70 20 1e+06
71 20 1e+06
72 20 1e+06
73 20 1e+06
74 20 1e+06
75 20 2e+06
76 20 1e+06
77 20 1e+06
78 20 2e+06
79 20 2e+06
80 20 8e+05
81 20 6e+05
82 20 1e+06
83 20 1e+06
84 20 6e+05
85 20 1e+06
86 20 7e+05
87 20 2e+06
88 20 1e+06
89 20 1e+06
90 20 1e+06
91 20 2e+06
92 20 1e+06
93 20 2e+06
94 20 1e+06
95 20 1e+06
96 20 6e+05
97 20 1e+06
98 20 7e+05
99 20 1e+06
100 20 2e+06
101 20 2e+06
102 20 8e+05
103 20 6e+05
104 20 2e+06
105 20 1e+06
106 20 1e+06
107 20 1e+06
108 20 1e+06
109 20 1e+06
110 20 1e+06
111 20 1e+06
112 20 1e+06
113 20 2e+06
114 20 1e+06
115 20 8e+05
116 20 1e+06
117 20 1e+06
118 20 1e+06
119 20 9e+05
120 20 9e+05
121 20 2e+06
122 20 8e+05
123 20 7e+05
124 20 2e+06
125 20 2e+06
126 20 1e+06
127 20 1e+06
0 21 2e+06
1 21 2e+06
2 21 1e+06
3 21 6e+05
4 21 2e+06
5 21 1e+06
6 21 2e+06
7 21 9e+05
8 21 1e+06
9 21 2e+06
10 21 7e+05
11 21 1e+06
12 21 1e+06
13 21 1e+06
14 21 7e+05
15 21 1e+06
16 21 1e+06
17 21 1e+06
18 21 1e+06
19 21 6e+05
20 21 1e+06
21 21 1e+06
22 21 2e+06
23 21 2e+06
24 21 2e+06
25 21 1e+06
26 21 1e+06
27 21 1e+06
28 21 1e+06
29 21 2e+06
30 21 2e+06
31 21 8e+05
32 21 6e+05
33 21 1e+06
34 21 9e+05
35 21 1e+06
36 21 1e+06
37 21 6e+05
38 21 1e+06
39 21 2e+06
40 21 1e+06
41 21 7e+05
42 21 8e+05
43 21 1e+06
44 21 1e+06
45 21 1e+06
46 21 1e+06
47 21 2e+06
48 21 1e+06
49 21 9e+05
50 21 1e+06
51 21 6e+05
52 21 1e+06
53 21 2e+06
54 21 1e+06
55 21 2e+06
56 21 9e+05
57 21 1e+06
58 21 2e+06
59 21 2e+06
60 21 1e+06
61 21 2e+06
62 21 1e+06
63 21 1e+06
64 21 1e+06
65 21 1e+06
66 21 2e+06
67 21 1e+06
68 21 1e+06
69 21 1e+06
70 21 6e+05
71 21 2e+06
72 21 7e+05
73 21 1e+06
74 21 1e+06
75 21 7e+05
76 21 1e+06
77 21 2e+06
78 21 1e+06
79 21 2e+06
80 21 2e+06
81 21 9e+05
82 21 1e+06
83 21 2e+06
84 21 1e+06
85 21 7e+05
86 21 1e+06
87 21 2e+06
88 21 1e+06
89 21 1e+06
90 21 1e+06
91 21 1e+06
92 21 2e+06
93 21 9e+05
94 21 1e+06
95 21 1e+06
96 21 2e+06
97 21 1e+06
98 21 1e+06
99 21 6e+05
100 21 1e+06
101 21 1e+06
102 21 8e+05
103 21 1e+06
104 21 1e+06
105 21 1e+06
106 21 1e+06
107 21 9e+05
108 21 9e+05
109 21 2e+06
110 21 9e+05
111 21 1e+06
112 21 1e+06
113 21 8e+05
114 21 1e+06
115 21 8e+05
116 21 1e+06
117 21 1e+06
118 21 9e+05
119 21 1e+06
120 21 9e+05
121 21 7e+05
122 21 7e+05
123 21 8e+05
124 21 2e+06
125 21 1e+06
126 21 1e+06
127 21 7e+05
0 22 8e+05
1 22 2e+06
2 22 9e+05
3 22 2e+06
4 22 1e+06
5 22 9e+05
6 22 8e+05
7 22 1e+06
8 22 1e+06
9 22 1e+06
10 22 2e+06
11 22 1e+06
12 22 1e+06
13 22 1e+06
14 22 1e+06
15 22 8e+05
16 22 8e+05
17 22 8e+05
18 22 2e+06
19 22 9e+05
20 22 8e+05
21 22 1e+06
22 22 2e+06
23 22 1e+06
24 22 1e+06
25 22 2e+06
26 22 8e+05
27 22 2e+06
28 22 1e+06
29 22 2e+06
30 22 2e+06
31 22 9e+05
32 22 2e+06
33 22 1e+06
34 22 2e+06
35 22 6e+05
36 22 8e+05
37 22 2e+06
38 22 7e+05
39 22 2e+06
40 22 7e+05
41 22 8e+05
42 22 2e+06
43 22 7e+05
44 22 2e+06
45 22 2e+06
46 22 1e+06
47 22 1e+06
48 22 7e+05
49 22 9e+05
50 22 1e+06
51 22 8e+05
52 22 9e+05
53 22 2e+06
54 22 8e+05
55 22 2e+06
56 22 1e+06
57 22 2e+06
58 22 2e+06
59 22 7e+05
60 22 9e+05
61 22 1e+06
62 22 1e+06
63 22 1e+06
64 22 6e+05
65 22 7e+05
66 22 1e+06
67 22 8e+05
68 22 1e+06
69 22 8e+05
70 22 2e+06
71 22 2e+06
72 22 1e+06
73 22 1e+06
74 22 2e+06
75 22 2e+06
76 22 1e+06
77 22 9e+05
78 22 1e+06
79 22 7e+05
80 22 7e+05
81 22 1e+06
82 22 1e+06
83 22 1e+06
84 22 1e+06
85 22 9e+05
86 22 2e+06
87 22 1e+06
88 22 1e+06
89 22 1e+06
90 22 6e+05
91 22 1e+06
92 22 1e+06
93 22 1e+06
94 22 2e+06
95 22 9e+05
96 22 8e+05
97 22 6e+05
98 22 8e+05
99 22 1e+06
100 22 2e+06
101 22 2e+06
102 22 1e+06
103 22 2e+06
104 22 1e+06
105 22 2e+06
106 22 1e+06
107 22 1e+06
108 22 1e+06
109 22 8e+05
110 22 1e+06
111 22 6e+05
112 22 2e+06
113 22 1e+06
114 22 1e+06
115 22 8e+05
116 22 2e+06
117 22 6e+05
118 22 1e+06
119 22 9e+05
120 22 2e+06
121 22 2e+06
122 22 2e+06
123 22 1e+06
124 22 7e+05
125 22 2e+06
126 22 1e+06
127 22 6e+05
0 23 7e+05
1 23 1e+06
2 23 9e+05
3 23 1e+06
4 23 2e+06
5 23 2e+06
6 23 2e+06
7 23 1e+06
8 23 2e+06
9 23 1e+06
10 23 9e+05
11 23 2e+06
12 23 2e+06
13 23 2e+06
14 23 9e+05
15 23 1e+06
16 23 1e+06
17 23 9e+05
18 23 2e+06
19 23 1e+06
20 23 8e+05
21 23 1e+06
22 23 7e+05
23 23 9e+05
24 23 1e+06
25 23 2e+06
26 23 1e+06
27 23 1e+06
28 23 8e+05
29 23 1e+06
30 23 9e+05
31 23 1e+06
32 23 1e+06
33 23 1e+06
34 23 1e+06
35 23 8e+05
36 23 9e+05
37 23 6e+05
38 23 2e+06
39 23 1e+06
40 23 8e+05
41 23 1e+06
42 23 2e+06
43 23 1e+06
44 23 1e+06
45 23 9e+05
46 23 1e+06
47 23 1e+06
48 23 2e+06
49 23 1e+06
50 23 2e+06
51 23 1e+06
52 23 2e+06
53 23 1e+06
54 23 1e+06
55 23 1e+06
56 23 8e+05
57 23 2e+06
58 23 1e+06
59 23 1e+06
60 23 2e+06
61 23 2e+06
62 23 7e+05
63 23 8e+05
64 23 2e+06
65 23 9e+05
66 23 2e+06
67 23 2e+06
68 23 8e+05
69 23 8e+05
70 23 1e+06
71 23 2e+06
72 23 1e+06
73 23 1e+06
74 23 1e+06
75 23 1e+06
76 23 7e+05
77 23 1e+06
78 23 1e+06
79 23 2e+06
80 23 2e+06
81 23 1e+06
82 23 1e+06
83 23 1e+06
84 23 2e+06
85 23 2e+06
86 23 1e+06
87 23 8e+05
88 23 9e+05
89 23 2e+06
90 23 2e+06
91 23 7e+05
92 23 2e+06
93 23 8e+05
94 23 1e+06
95 23 1e+06
96 23 2e+06
97 23 7e+05
98 23 8e+05
99 23 8e+05
100 23 1e+06
101 23 2e+06
102 23 1e+06
103 23 9e+05
104 23 1e+06
105 23 1e+06
106 23 2e+06
107 23 8e+05
108 23 1e+06
109 23 1e+06
110 23 8e+05
111 23 1e+06
112 23 1e+06
113 23 2e+06
114 23 7e+05
115 23 1e+06
116 23 1e+06
117 23 2e+06
118 23 1e+06
119 23 1e+06
120 23 1e+06
121 23 7e+05
122 23 7e+05
123 23 2e+06
124 23 6e+05
125 23 7e+05
126 23 2e+06
127 23 1e+06
0 24 1e+06
1 24 6e+05
2 24 1e+06
3 24 2e+06
4 24 7e+05
5 24 1e+06
6 24 2e+06
7 24 2e+06
8 24 2e+06
9 24 6e+05
10 24 1e+06
11 24 1e+06
12 24 2e+06
13 24 1e+06
14 24 2e+06
15 24 1e+06
16 24 1e+06
17 24 1e+06
18 24 8e+05
19 24 7e+05
20 24 1e+06
21 24 1e+06
22 24 1e+06
23 24 1e+06
24 24 7e+05
25 24 9e+05
26 24 9e+05
27 24 7e+05
28 24 1e+06
29 24 7e+05
30 24 1e+06
31 24 2e+06
32 24 2e+06
33 24 1e+06
34 24 1e+06
35 24 1e+06
36 24 7e+05
37 24 2e+06
38 24 1e+06
39 24 1e+06
40 24 1e+06
41 24 1e+06
42 24 2e+06
43 24 1e+06
44 24 1e+06
45 24 8e+05
46 24 8e+05
47 24 1e+06
48 24 1e+06
49 24 9e+05
50 24 2e+06
51 24 1e+06
52 24 2e+06
53 24 7e+05
54 24 2e+06
55 24 1e+06
56 24 7e+05
57 24 2e+06
58 24 2e+06
59 24 9e+05
60 24 9e+05
61 24 2e+06
62 24 2e+06
63 24 1e+06
64 24 1e+06
65 24 1e+06
66 24 1e+06
67 24 2e+06
68 24 2e+06
69 24 1e+06
70 24 6e+05
71 24 9e+05
72 24 7e+05
73 24 2e+06
74 24 8e+05
75 24 9e+05
76 24 1e+06
77 24 1e+06
78 24 7e+05
79 24 8e+05
80 24 1e+06
81 24 1e+06
82 24 2e+06
83 24 6e+05
84 24 1e+06
85 24 1e+06
86 24 7e+05
87 24 6e+05
88 24 2e+06
89 24 2e+06
90 24 1e+06
91 24 1e+06
92 24 1e+06
93 24 1e+06
94 24 2e+06
95 24 2e+06
96 24 1e+06
97 24 2e+06
98 24 2e+06
99 24 6e+05
100 24 1e+06
101 24 8e+05
102 24 1e+06
103 24 8e+05
104 24 1e+06
105 24 8e+05
106 24 1e+06
107 24 7e+05
108 24 2e+06
109 24 1e+06
110 24 7e+05
111 24 1e+06
112 24 1e+06
113 24 7e+05
114 24 7e+05
115 24 1e+06
116 24 2e+06
117 24 1e+06
118 24 1e+06
119 24 9e+05
120 24 2e+06
121 24 2e+06
122 24 1e+06
123 24 1e+06
124 24 1e+06
125 24 1e+06
126 24 1e+06
127 24 2e+06
0 25 9e+05
1 25 1e+06
2 25 1e+06
3 25 6e+05
4 25 7e+05
5 25 2e+06
6 25 2e+06
7 25 1e+06
8 25 9e+05
9 25 1e+06
10 25 1e+06
11 25 2e+06
12 25 1e+06
13 25 2e+06
14 25 1e+06
15 25 2e+06
16 25 1e+06
17 25 2e+06
18 25 1e+06
19 25 1e+06
20 25 2e+06
21 25 1e+06
22 25 1e+06
23 25 2e+06
24 25 8e+05
25 25 2e+06
26 25 1e+06
27 25 1e+06
28 25 1e+06
29 25 1e+06
30 25 9e+05
31 25 7e+05
32 25 8e+05
33 25 1e+06
34 25 1e+06
35 25 7e+05
36 25 2e+06
37 25 1e+06
38 25 2e+06
39 25 7e+05
40 25 9e+05
41 25 1e+06
42 25 2e+06
43 25 1e+06
44 25 1e+06
45 25 7e+05
46 25 1e+06
47 25 1e+06
48 25 9e+05
49 25 1e+06
50 25 6e+05
51 25 9e+05
52 25 1e+06
53 25 1e+06
54 25 1e+06
55 25 1e+06
56 25 1e+06
57 25 1e+06
58 25 1e+06
59 25 9e+05
60 25 1e+06
61 25 1e+06
62 25 1e+06
63 25 1e+06
64 25 1e+06
65 25 1e+06
66 25 2e+06
67 25 1e+06
68 25 8e+05
69 25 1e+06
70 25 1e+06
71 25 2e+06
72 25 1e+06
73 25 1e+06
74 25 1e+06
75 25 1e+06
76 25 1e+06
77 25 7e+05
78 25 1e+06
79 25 9e+05
80 25 1e+06
81 25 7e+05
82 25 1e+06
83 25 1e+06
84 25 8e+05
85 25 1e+06
86 25 1e+06
87 25 2e+06
88 25 1e+06
89 25 2e+06
90 25 8e+05
91 25 1e+06
92 25 1e+06
93 25 1e+06
94 25 7e+05
95 25 1e+06
96 25 9e+05
97 25 2e+06
98 25 2e+06
99 25 7e+05
100 25 1e+06
101 25 1e+06
102 25 6e+05
103 25 7e+05
104 25 1e+06
105 25 6e+05
106 25 1e+06
107 25 1e+06
108 25 1e+06
109 25 1e+06
110 25 9e+05
111 25 1e+06
112 25 1e+06
113 25 1e+06
114 25 2e+06
115 25 8e+05
116 25 1e+06
117 25 1e+06
118 25 6e+05
119 25 7e+05
120 25 1e+06
121 25 6e+05
122 25 1e+06
123 25 1e+06
124 25 1e+06
125 25 8e+05
126 25 1e+06
127 25 1e+06
0 26 9e+05
1 26 1e+06
2 26 2e+06
3 26 2e+06
4 26 1e+06
5 26 1e+06
6 26 2e+06
7 26 6e+05
8 26 1e+06
9 26 8e+05
10 26 1e+06
11 26 1e+06
12 26 1e+06
13 26 1e+06
14 26 2e+06
15 26 7e+05
16 26 9e+05
17 26 9e+05
18 26 7e+05
19 26 2e+06
20 26 1e+06
21 26 2e+06
22 26 7e+05
23 26 2e+06
24 26 9e+05
25 26 1e+06
26 26 1e+06
27 26 1e+06
28 26 1e+06
29 26 1e+06
30 26 1e+06
31 26 1e+06
32 26 6e+05
33 26 9e+05
34 26 1e+06
35 26 2e+06
36 26 1e+06
37 26 1e+06
38 26 2e+06
39 26 6e+05
40 26 1e+06
41 26 8e+05
42 26 1e+06
43 26 8e+05
44 26 2e+06
45 26 6e+05
46 26 1e+06
47 26 2e+06
48 26 2e+06
49 26 2e+06
50 26 1e+06
51 26 2e+06
52 26 1e+06
53 26 2e+06
54 26 7e+05
55 26 7e+05
56 26 1e+06
57 26 2e+06
58 26 7e+05
59 26 8e+05
60 26 8e+05
61 26 2e+06
62 26 2e+06
63 26 8e+05
64 26 2e+06
65 26 7e+05
66 26 1e+06
67 26 6e+05
68 26 1e+06
69 26 1e+06
70 26 1e+06
71 26 2e+06
72 26 1e+06
73 26 1e+06
74 26 2e+06
75 26 1e+06
76 26 1e+06
77 26 9e+05
78 26 1e+06
79 26 8e+05
80 26 1e+06
81 26 1e+06
82 26 1e+06
83 26 8e+05
84 26 8e+05
85 26 8e+05
86 26 2e+06
87 26 9e+05
88 26 7e+05
89 26 1e+06
90 26 2e+06
91 26 9e+05
92 26 1e+06
93 26 6e+05
94 26 1e+06
95 26 1e+06
96 26 1e+06
97 26 9e+05
98 26 2e+06
99 26 2e+06
100 26 8e+05
101 26 2e+06
102 26 9e+05
103 26 1e+06
104 26 7e+05
105 26 8e+05
106 26 7e+05
107 26 2e+06
108 26 1e+06
109 26 1e+06
110 26 1e+06
111 26 2e+06
112 26 1e+06
113 26 2e+06
114 26 1e+06
115 26 1e+06
116 26 1e+06
117 26 1e+06
118 26 1e+06
119 26 1e+06
120 26 8e+05
121 26 1e+06
122 26 1e+06
123 26 1e+06
124 26 2e+06
125 26 1e+06
126 26 1e+06
127 26 1e+06
0 27 1e+06
1 27 2e+06
2 27 2e+06
3 27 9e+05
4 27 1e+06
5 27 1e+06
6 27 1e+06
7 27 1e+06
8 27 1e+06
9 27 1e+06
10 27 7e+05
11 27 1e+06
12 27 1e+06
13 27 8e+05
14 27 1e+06
15 27 1e+06
16 27 1e+06
17 27 7e+05
18 27 1e+06
19 27 2e+06
20 27 1e+06
21 27 8e+05
22 27 2e+06
23 27 9e+05
24 27 2e+06
25 27 1e+06
26 27 2e+06
27 27 2e+06
28 27 1e+06
29 27 2e+06
30 27 1e+06
31 27 7e+05
32 27 2e+06
33 27 1e+06
34 27 2e+06
35 27 1e+06
36 27 1e+06
37 27 1e+06
38 27 9e+05
39 27 1e+06
40 27 6e+05
41 27 1e+06
42 27 1e+06
43 27 1e+06
44 27 2e+06
45 27 1e+06
46 27 1e+06
47 27 1e+06
48 27 1e+06
49 27 1e+06
50 27 1e+06
51 27 7e+05
52 27 6e+05
53 27 2e+06
54 27 2e+06
55 27 1e+06
56 27 1e+06
57 27 8e+05
58 27 1e+06
59 27 2e+06
60 27 8e+05
61 27 9e+05
62 27 8e+05
63 27 1e+06
64 27 7e+05
65 27 2e+06
66 27 1e+06
67 27 9e+05
68 27 1e+06
69 27 1e+06
70 27 2e+06
71 27 2e+06
72 27 7e+05
73 27 1e+06
74 27 1e+06
75 27 6e+05
76 27 1e+06
77 27 7e+05
78 27 8e+05
79 27 7e+05
80 27 1e+06
81 27 8e+05
82 27 2e+06
83 27 1e+06
84 27 8e+05
85 27 1e+06
86 27 2e+06
87 27 1e+06
88 27 1e+06
89 27 1e+06
90 27 1e+06
91 27 8e+05
92 27 9e+05
93 27 9e+05
94 27 2e+06
95 27 2e+06
96 27 2e+06
97 27 8e+05
98 27 1e+06
99 27 2e+06
100 27 1e+06
101 27 1e+06
102 27 8e+05
103 27 8e+05
104 27 2e+06
105 27 2e+06
106 27 2e+06
107 27 1e+06
108 27 2e+06
109 27 1e+06
110 27 8e+05
111 27 7e+05
112 27 2e+06
113 27 7e+05
114 27 2e+06
115 27 1e+06
116 27 1e+06
117 27 2e+06
118 27 1e+06
119 27 7e+05
120 27 1e+06
121 27 1e+06
122 27 8e+05
123 27 6e+05
124 27 2e+06
125 27 7e+05
126 27 7e+05
127 27 6e+05
0 28 1e+06
1 28 9e+05
2 28 1e+06
3 28 8e+05
4 28 1e+06
5 28 9e+05
6 28 1e+06
7 28 1e+06
8 28 7e+05
9 28 1e+06
10 28 1e+06
11 28 1e+06
12 28 1e+06
13 28 1e+06
14 28 1e+06
15 28 1e+06
16 28 1e+06
17 28 1e+06
18 28 1e+06
19 28 8e+05
20 28 1e+06
21 28 1e+06
22 28 9e+05
23 28 7e+05
24 28 2e+06
25 28 2e+06
26 28 1e+06
27 28 2e+06
28 28 1e+06
29 28 7e+05
30 28 1e+06
31 28 2e+06
32 28 7e+05
33 28 1e+06
34 28 2e+06
35 28 7e+05
36 28 1e+06
37 28 1e+06
38 28 9e+05
39 28 8e+05
40 28 6e+05
41 28 1e+06
42 28 2e+06
43 28 2e+06
44 28 8e+05
45 28 1e+06
46 28 2e+06
47 28 2e+06
48 28 2e+06
49 28 1e+06
50 28 6e+05
51 28 1e+06
52 28 9e+05
53 28 8e+05
54 28 1e+06
55 28 1e+06
56 28 7e+05
57 28 8e+05
58 28 1e+06
59 28 1e+06
60 28 1e+06
61 28 9e+05
62 28 2e+06
63 28 6e+05
64 28 7e+05
65 28 1e+06
66 28 7e+05
67 28 1e+06
68 28 2e+06
69 28 8e+05
70 28 7e+05
71 28 2e+06
72 28 2e+06
73 28 2e+06
74 28 1e+06
75 28 1e+06
76 28 1e+06
77 28 2e+06
78 28 1e+06
79 28 2e+06
80 28 1e+06
81 28 2e+06
82 28 1e+06
83 28 1e+06
84 28 2e+06
85 28 2e+06
86 28 2e+06
87 28 1e+06
88 28 1e+06
89 28 2e+06
90 28 8e+05
91 28 1e+06
92 28 1e+06
93 28 1e+06
94 28 1e+06
95 28 1e+06
96 28 7e+05
97 28 2e+06
98 28 9e+05
99 28 1e+06
100 28 1e+06
101 28 9e+05
102 28 1e+06
103 28 1e+06
104 28 1e+06
105 28 1e+06
106 28 2e+06
107 28 9e+05
108 28 1e+06
109 28 2e+06
110 28 2e+06
111 28 1e+06
112 28 1e+06
113 28 2e+06
114 28 1e+06
115 28 1e+06
116 28 1e+06
117 28 2e+06
118 28 7e+05
119 28 2e+06
120 28 1e+06
121 28 8e+05
122 28 9e+05
123 28 1e+06
124 28 2e+06
125 28 2e+06
126 28 6e+05
127 28 1e+06
0 29 2e+06
1 29 1e+06
2 29 9e+05
3 29 8e+05
4 29 7e+05
5 29 2e+06
6 29 7e+05
7 29 2e+06
8 29 1e+06
9 29 8e+05
10 29 6e+05
11 29 1e+06
12 29 8e+05
13 29 9e+05
14 29 1e+06
15 29 1e+06
16 29 2e+06
17 29 1e+06
18 29 8e+05
19 29 1e+06
20 29 2e+06
21 29 8e+05
22 29 9e+05
23 29 1e+06
24 29 2e+06
25 29 1e+06
26 29 1e+06
27 29 2e+06
28 29 1e+06
29 29 1e+06
30 29 8e+05
31 29 1e+06
32 29 2e+06
33 29 1e+06
34 29 8e+05
35 29 7e+05
36 29 2e+06
37 29 1e+06
38 29 7e+05
39 29 7e+05
40 29 8e+05
41 29 1e+06
42 29 1e+06
43 29 1e+06
44 29 2e+06
45 29 2e+06
46 29 1e+06
47 29 2e+06
48 29 1e+06
49 29 2e+06
50 29 2e+06
51 29 1e+06
52 29 1e+06
53 29 1e+06
54 29 9e+05
55 29 1e+06
56 29 1e+06
57 29 6e+05
58 29 2e+06
59 29 1e+06
60 29 1e+06
61 29 1e+06
62 29 1e+06
63 29 2e+06
64 29 1e+06
65 29 6e+05
66 29 1e+06
67 29 1e+06
68 29 1e+06
69 29 1e+06
70 29 2e+06
71 29 8e+05
72 29 1e+06
73 29 1e+06
74 29 9e+05
75 29 1e+06
76 29 2e+06
77 29 2e+06
78 29 2e+06
79 29 1e+06
80 29 1e+06
81 29 8e+05
82 29 1e+06
83 29 8e+05
84 29 1e+06
85 29 1e+06
86 29 9e+05
87 29 1e+06
88 29 1e+06
89 29 1e+06
90 29 9e+05
91 29 2e+06
92 29 9e+05
93 29 2e+06
94 29 2e+06
95 29 1e+06
96 29 1e+06
97 29 2e+06
98 29 1e+06
99 29 2e+06
100 29 9e+05
101 29 2e+06
102 29 1e+06
103 29 1e+06
104 29 2e+06
105 29 2e+06
106 29 6e+05
107 29 1e+06
108 29 1e+06
109 29 2e+06
110 29 1e+06
111 29 1e+06
112 29 1e+06
113 29 2e+06
114 29 7e+05
115 29 6e+05
116 29 1e+06
117 29 1e+06
118 29 1e+06
119 29 8e+05
120 29 1e+06
121 29 7e+05
122 29 1e+06
123 29 7e+05
124 29 1e+06
125 29 9e+05
126 29 2e+06
127 29 1e+06
0 30 1e+06
1 30 1e+06
2 30 7e+05
3 30 2e+06
4 30 1e+06
5 30 7e+05
6 30 1e+06
7 30 1e+06
8 30 1e+06
9 30 2e+06
10 30 1e+06
11 30 1e+06
12 30 9e+05
13 30 1e+06
14 30 1e+06
15 30 1e+06
16 30 1e+06
17 30 1e+06
18 30 7e+05
19 30 8e+05
20 30 7e+05
21 30 1e+06
22 30 1e+06
23 30 2e+06
24 30 8e+05
25 30 1e+06
26 30 1e+06
27 30 7e+05
28 30 1e+06
29 30 1e+06
30 30 1e+06
31 30 2e+06
32 30 1e+06
33 30 1e+06
34 30 9e+05
35 30 9e+05
36 30 9e+05
37 30 8e+05
38 30 1e+06
39 30 1e+06
40 30 1e+06
41 30 1e+06
42 30 2e+06
43 30 1e+06
44 30 8e+05
45 30 1e+06
46 30 2e+06
47 30 7e+05
48 30 1e+06
49 30 2e+06
50 30 2e+06
51 30 2e+06
52 30 1e+06
53 30 1e+06
54 30 2e+06
55 30 9e+05
56 30 1e+06
57 30 1e+06
58 30 1e+06
59 30 7e+05
60 30 1e+06
61 30 1e+06
62 30 6e+05
63 30 8e+05
64 30 9e+05
65 30 1e+06
66 30 9e+05
67 30 2e+06
68 30 1e+06
69 30 1e+06
70 30 1e+06
71 30 1e+06
72 30 1e+06
73 30 1e+06
74 30 1e+06
75 30 2e+06
76 30 8e+05
77 30 9e+05
78 30 1e+06
79 30 6e+05
80 30 2e+06
81 30 2e+06
82 30 1e+06
83 30 6e+05
84 30 8e+05
85 30 1e+06
86 30 1e+06
87 30 1e+06
88 30 1e+06
89 30 2e+06
90 30 2e+06
91 30 7e+05
92 30 2e+06
93 30 9e+05
94 30 8e+05
95 30 8e+05
96 30 1e+06
97 30 1e+06
98 30 2e+06
99 30 1e+06
100 30 2e+06
101 30 7e+05
102 30 9e+05
103 30 8e+05
104 30 1e+06
105 30 1e+06
106 30 2e+06
107 30 1e+06
108 30 2e+06
109 30 2e+06
110 30 1e+06
111 30 7e+05
112 30 7e+05
113 30 6e+05
114 30 2e+06
115 30 1e+06
116 30 2e+06
117 30 2e+06
118 30 1e+06
119 30 2e+06
120 30 9e+05
121 30 2e+06
122 30 9e+05
123 30 1e+06
124 30 2e+06
125 30 2e+06
126 30 1e+06
127 30 1e+06
0 31 2e+06
1 31 1e+06
2 31 2e+06
3 31 1e+06
4 31 2e+06
5 31 9e+05
6 31 2e+06
7 31 1e+06
8 31 8e+05
9 31 2e+06
10 31 1e+06
11 31 1e+06
12 31 6e+05
13 31 2e+06
14 31 1e+06
15 31 1e+06
16 31 1e+06
17 31 8e+05
18 31 6e+05
19 31 2e+06
20 31 2e+06
21 31 1e+06
22 31 2e+06
23 31 8e+05
24 31 7e+05
25 31 2e+06
26 31 1e+06
27 31 1e+06
28 31 9e+05
29 31 2e+06
30 31 8e+05
31 31 1e+06
32 31 9e+05
33 31 2e+06
34 31 7e+05
35 31 1e+06
36 31 1e+06
37 31 2e+06
38 31 2e+06
39 31 7e+05
40 31 1e+06
41 31 9e+05
42 31 2e+06
43 31 6e+05
44 31 2e+06
45 31 1e+06
46 31 1e+06
47 31 1e+06
48 31 1e+06
49 31 2e+06
50 31 1e+06
51 31 2e+06
52 31 8e+05
53 31 9e+05
54 31 7e+05
55 31 2e+06
56 31 9e+05
57 31 2e+06
58 31 7e+05
59 31 8e+05
60 31 1e+06
61 31 8e+05
62 31 1e+06
63 31 1e+06
64 31 2e+06
65 31 1e+06
66 31 1e+06
67 31 9e+05
68 31 7e+05
69 31 1e+06
70 31 7e+05
71 31 9e+05
72 31 2e+06
73 31 2e+06
74 31 8e+05
75 31 1e+06
76 31 1e+06
77 31 1e+06
78 31 8e+05
79 31 1e+06
80 31 9e+05
81 31 7e+05
82 31 2e+06
83 31 1e+06
84 31 2e+06
85 31 7e+05
86 31 1e+06
87 31 1e+06
88 31 7e+05
89 31 2e+06
90 31 1e+06
91 31 2e+06
92 31 1e+06
93 31 1e+06
94 31 1e+06
95 31 1e+06
96 31 1e+06
97 31 1e+06
98 31 6e+05
99 31 7e+05
100 31 1e+06
101 31 1e+06
102 31 1e+06
103 31 7e+05
104 31 1e+06
105 31 6e+05
106 31 2e+06
107 31 2e+06
108 31 1e+06
109 31 1e+06
110 31 1e+06
111 31 1e+06
112 31 8e+05
113 31 1e+06
114 31 2e+06
115 31 1e+06
116 31 7e+05
117 31 8e+05
118 31 7e+05
119 31 1e+06
120 31 8e+05
121 31 1e+06
122 31 7e+05
123 31 1e+06
124 31 6e+05
125 31 1e+06
126 31 1e+06
127 31 2e+06
